% # columns="iteration, evaluation, min max(neg(.)) min(pos(.)) max correlation, correlation matrix principal axes lengths  (sorted square roots of eigenvalues of correlation matrix)", seed=449147, Sun Feb 26 20:54:59 2023
1 10 -0.13604140722454283 -0.05593216008041908 0.12213071836724577 0.14787247176747473 0.8786531896386891 0.9423005105551725 1.0379704236521086 1.1236795449631896
2 20 -0.18045950361011587 -0.15622043428150223 0.02202774585278598 0.3382589533343657 0.8691844017753894 0.9459652806790804 1.0175582562234249 1.146404535341539
2 20 -0.16960801233120393 -0.15271254202506174 0.05821450772893341 0.2043214602889638 0.8786531896386891 0.9423005105551725 1.0379704236521086 1.1236795449631896
2 20 -0.3477391729258479 -0.2864487201710662 0.07938078177659934 0.1586645599642967 0.8829748997650245 0.9640573935832103 1.0001645869073497 1.1360543417279572
3 30 -0.1956080602295333 -0.15931866864021157 0.04839886732943391 0.07175284848453514 0.8786531896386891 0.9423005105551725 1.0379704236521086 1.1236795449631896
3 30 -0.21177748807907307 -0.1480460197248534 -0.03597713998494579 0.34598826511975606 0.8691844017753894 0.9459652806790804 1.0175582562234249 1.146404535341539
3 30 -0.3257868062486488 -0.18462945073371467 0.17541131218030181 0.2211747291111376 0.8829748997650245 0.9640573935832103 1.0001645869073497 1.1360543417279572
4 40 -0.2618720275456343 -0.14590948636457868 0.019332399831571697 0.19874963009589214 0.8786531896386891 0.9423005105551725 1.0379704236521086 1.1236795449631896
4 40 -0.2635335783770987 -0.20380188319521828 0.07788014344382511 0.44320342217320513 0.8691844017753894 0.9459652806790804 1.0175582562234249 1.146404535341539
5 50 -0.09938054860760703 -0.06926699962007622 0.14110142856427307 0.17627153505907253 0.8830448123615636 0.9283805368704231 1.0640199707803586 1.107340480566877
4 40 -0.32986591454571446 -0.1547636501201807 0.2763349063685788 0.324794203393678 0.8829748997650245 0.9640573935832103 1.0001645869073497 1.1360543417279572
6 60 -0.19881630555139948 -0.1388517727922269 0.09857514288664782 0.1066922650018911 0.8830448123615636 0.9283805368704231 1.0640199707803586 1.107340480566877
5 50 -0.4334123803142444 -0.18096741360950971 0.26596963226409526 0.330977386837526 0.7114281572591608 0.792390029905295 1.1200423693453818 1.2694459848440591
5 50 -0.24037075917439768 -0.2157572127702226 -0.004722533358664055 0.3243126889726808 0.7910454945155204 0.8837917410352444 1.0249822217616247 1.2420026687399628
7 70 -0.29737944585938836 -0.20510652044386757 0.05401753773962204 0.09832936006855894 0.8830448123615636 0.9283805368704231 1.0640199707803586 1.107340480566877
6 60 -0.36295880552360005 -0.1892380529442764 0.31666925310095473 0.35832648976063686 0.7114281572591608 0.792390029905295 1.1200423693453818 1.2694459848440591
6 60 -0.20441737908142532 -0.20353490053603665 0.16971244527984133 0.2197607313422134 0.7910454945155204 0.8837917410352444 1.0249822217616247 1.2420026687399628
8 80 -0.36478135619241914 -0.21574027536625096 0.11006871132575011 0.15667491964168634 0.8830448123615636 0.9283805368704231 1.0640199707803586 1.107340480566877
7 70 -0.3617023616595688 -0.22048749285281022 0.2497980411353879 0.28946289963245175 0.7114281572591608 0.792390029905295 1.1200423693453818 1.2694459848440591
7 70 -0.31735754144809913 -0.2401604601411873 0.20041555448391513 0.21363067146147371 0.7910454945155204 0.8837917410352444 1.0249822217616247 1.2420026687399628
9 90 -0.44715023049799296 -0.30560584174767363 0.13162224846936096 0.29732363600597994 0.5847946404769298 0.938939963823523 1.0997231253747177 1.2518051047669536
8 80 -0.37535463804904 -0.2928171690827921 0.2552227892237746 0.26859992267587185 0.7114281572591608 0.792390029905295 1.1200423693453818 1.2694459848440591
8 80 -0.451241208966689 -0.30496953025936313 0.08867027892099502 0.18283922309501002 0.7910454945155204 0.8837917410352444 1.0249822217616247 1.2420026687399628
10 100 -0.42254853507884127 -0.32142715561394397 0.2027554170769342 0.27145182359491415 0.5847946404769298 0.938939963823523 1.0997231253747177 1.2518051047669536
9 90 -0.38873624258519013 -0.3222415385646591 0.27045570049842876 0.2844696412602295 0.6439056667744936 0.7968315972312071 1.1373110056465565 1.2872329138057639
9 90 -0.45586943605676566 -0.24313860205155166 0.07847130591667245 0.18529955215855337 0.7247136992993098 0.9054075007897797 0.9977445281124788 1.2882286940536303
11 110 -0.41826874184026247 -0.24419951334573106 0.24757003447462725 0.30720045772898097 0.5847946404769298 0.938939963823523 1.0997231253747177 1.2518051047669536
10 100 -0.42246324058834356 -0.3859399462248234 0.22103394464718357 0.3974148527907273 0.6439056667744936 0.7968315972312071 1.1373110056465565 1.2872329138057639
10 100 -0.48977366495782276 -0.22686656168184155 0.04900587051836159 0.21755308916436922 0.7247136992993098 0.9054075007897797 0.9977445281124788 1.2882286940536303
12 120 -0.4430779292268474 -0.2629050073170591 0.2648739867139708 0.3191232088730862 0.5847946404769298 0.938939963823523 1.0997231253747177 1.2518051047669536
11 110 -0.36766099071224 -0.3118293045313869 0.3459458122291691 0.36712702040760503 0.6439056667744936 0.7968315972312071 1.1373110056465565 1.2872329138057639
11 110 -0.5470125328326305 -0.3995834737728084 0.10870696326797202 0.2920140407112047 0.7247136992993098 0.9054075007897797 0.9977445281124788 1.2882286940536303
13 130 -0.4375666622760137 -0.30557415422760853 0.22420603938630937 0.3337700025291437 0.5190987571187557 0.9313311698009441 1.15876165945155 1.2330572367493968
12 120 -0.624664579342149 -0.38600806469219906 0.23616368880693236 0.3386806601044415 0.7247136992993098 0.9054075007897797 0.9977445281124788 1.2882286940536303
12 120 -0.413464339519351 -0.390392236916192 0.33311605221162127 0.5251889589206706 0.6439056667744936 0.7968315972312071 1.1373110056465565 1.2872329138057639
13 130 -0.6594104992922928 -0.4536868872395755 0.20851012797336171 0.43680961269778656 0.5390920298607409 0.7373352461343005 1.0297458216535922 1.4509790008596493
14 140 -0.49007991747690544 -0.4197242112868843 0.18359342524043978 0.2931682605942248 0.5190987571187557 0.9313311698009441 1.15876165945155 1.2330572367493968
13 130 -0.6545038487253664 -0.6411690816479162 0.5342793836759816 0.6152309877971437 0.5187176956655822 0.5840830997501942 0.9236950322249258 1.5926601559129265
15 150 -0.4166524246362527 -0.3576787907960718 0.15816347049510457 0.3399384982106425 0.5190987571187557 0.9313311698009441 1.15876165945155 1.2330572367493968
14 140 -0.7585446172526582 -0.7054440617471412 0.5004714636664119 0.6671054478856853 0.5187176956655822 0.5840830997501942 0.9236950322249258 1.5926601559129265
14 140 -0.7426061504759371 -0.42731391930218865 0.1350748686701918 0.4353588640909263 0.5390920298607409 0.7373352461343005 1.0297458216535922 1.4509790008596493
16 160 -0.4174715568420238 -0.33688788991357144 0.27895770598988273 0.3691866684491076 0.5190987571187557 0.9313311698009441 1.15876165945155 1.2330572367493968
15 150 -0.7400458886066746 -0.7392018932256785 0.54740988999981 0.7344795945701326 0.5187176956655822 0.5840830997501942 0.9236950322249258 1.5926601559129265
15 150 -0.6246900795972636 -0.37590370009841484 0.14726299630234407 0.3780293791545083 0.5390920298607409 0.7373352461343005 1.0297458216535922 1.4509790008596493
17 170 -0.4114538524905829 -0.2677149723090032 0.13425709154421894 0.3312258052511679 0.6488251636139736 0.9249913464399572 1.048366449383517 1.2744978241956681
16 160 -0.738770169402072 -0.7235485050861596 0.5382146286516334 0.6983977875374533 0.5187176956655822 0.5840830997501942 0.9236950322249258 1.5926601559129265
16 160 -0.544123675933864 -0.5149127760687411 0.09514496639014239 0.48139603372032 0.5390920298607409 0.7373352461343005 1.0297458216535922 1.4509790008596493
17 170 -0.6875092499854588 -0.6591877561227751 0.4184890823383507 0.5895127268955711 0.5433246649365706 0.6275103024774346 0.8774431632039721 1.5940899046486834
18 180 -0.28870806628708223 -0.2432751360920064 0.21833672240544907 0.41361012750245596 0.6488251636139736 0.9249913464399572 1.048366449383517 1.2744978241956681
17 170 -0.6163610607864713 -0.5219023168189542 0.06977214385799106 0.4157907217290409 0.5119572091810576 0.6904771638550032 1.1251947317011326 1.4124722715559097
18 180 -0.694080761585119 -0.6395304610417851 0.49431059009909223 0.5571414259677252 0.5433246649365706 0.6275103024774346 0.8774431632039721 1.5940899046486834
19 190 -0.2687030145556791 -0.24399678287844068 0.19754138450536693 0.19831280588274924 0.6488251636139736 0.9249913464399572 1.048366449383517 1.2744978241956681
18 180 -0.49106026240265893 -0.4605429692915433 0.1502792733137786 0.3725119786388003 0.5119572091810576 0.6904771638550032 1.1251947317011326 1.4124722715559097
19 190 -0.6795038738880528 -0.6475231053173776 0.3637516345344231 0.48771211676153114 0.5433246649365706 0.6275103024774346 0.8774431632039721 1.5940899046486834
20 200 -0.23629014264752593 -0.15759332841696178 0.26326433326626275 0.362788169574863 0.6488251636139736 0.9249913464399572 1.048366449383517 1.2744978241956681
19 190 -0.5826146836337335 -0.4982880488692091 0.10632588349312827 0.3685768700979036 0.5119572091810576 0.6904771638550032 1.1251947317011326 1.4124722715559097
20 200 -0.6883115779483526 -0.6590112436187271 0.4703925062543803 0.5094325316015572 0.5433246649365706 0.6275103024774346 0.8774431632039721 1.5940899046486834
21 210 -0.32800154990489966 -0.19581396941885185 0.30230169587239997 0.30572377196382877 0.6789827664524614 0.8195290126057011 1.154358019599246 1.23887536215109
20 200 -0.5715330495262473 -0.464816363997449 0.1436694758745144 0.27438706436353777 0.5119572091810576 0.6904771638550032 1.1251947317011326 1.4124722715559097
21 210 -0.6769383433727334 -0.6573765933229655 0.4943416577173515 0.6388778233554817 0.5010607331050771 0.6117320510691117 0.8474516227810772 1.6298919554622937
22 220 -0.3738055037239716 -0.1921037107246809 0.21309584475631468 0.38224104373148543 0.6789827664524614 0.8195290126057011 1.154358019599246 1.23887536215109
21 210 -0.67775216393166 -0.4822439837257619 -0.015395806510453391 0.41009626274615885 0.4977123637056994 0.7136533826039311 1.1452913794715125 1.3897082098846123
22 220 -0.6302917439228022 -0.5895073778973987 0.31985162340202916 0.5997565939254254 0.5010607331050771 0.6117320510691117 0.8474516227810772 1.6298919554622937
23 230 -0.40761678708073584 -0.1785375857144342 0.16709358768501464 0.39871832190034673 0.6789827664524614 0.8195290126057011 1.154358019599246 1.23887536215109
22 220 -0.754491039740469 -0.4660807921008645 0.029495325439601955 0.2795119246979836 0.4977123637056994 0.7136533826039311 1.1452913794715125 1.3897082098846123
23 230 -0.6338281552558277 -0.5172974794391002 0.15625938825737884 0.7033634385464131 0.5010607331050771 0.6117320510691117 0.8474516227810772 1.6298919554622937
24 240 -0.3366103137412169 -0.1450603687648501 0.20335372869680965 0.4281779064642825 0.6789827664524614 0.8195290126057011 1.154358019599246 1.23887536215109
23 230 -0.735120769175478 -0.39108079755255737 0.18064802156089502 0.41131652419115755 0.4977123637056994 0.7136533826039311 1.1452913794715125 1.3897082098846123
24 240 -0.6239024872927696 -0.5035609042868926 0.1562703872242523 0.7173574453933623 0.5010607331050771 0.6117320510691117 0.8474516227810772 1.6298919554622937
25 250 -0.3433256893265657 -0.2684844712187062 0.028590478951918415 0.4948034091455643 0.6896531656984387 0.7989066747936147 1.0565151517545768 1.3303767775052813
24 240 -0.7562234954481555 -0.418456590806479 0.1912551410947669 0.45006611669130836 0.4977123637056994 0.7136533826039311 1.1452913794715125 1.3897082098846123
25 250 -0.5364591526889028 -0.5211701663175637 0.04668277406682257 0.7265577526500042 0.47794012710867473 0.6015996995200293 1.087752000000324 1.4921282193337302
26 260 -0.39118011456664986 -0.26655199246006955 0.025714968342863666 0.46890616001814783 0.6896531656984387 0.7989066747936147 1.0565151517545768 1.3303767775052813
25 250 -0.7885616265196165 -0.34361197617152345 0.09219659617820775 0.40448772476568723 0.4337291458985634 0.7638507969920192 1.0735370554251245 1.4408085155779429
26 260 -0.5326015140299862 -0.36446797007583154 -0.12878650596065666 0.6787622518887456 0.47794012710867473 0.6015996995200293 1.087752000000324 1.4921282193337302
27 270 -0.4530073606113029 -0.19926339960082015 -0.013716296841506893 0.6133784856009893 0.6896531656984387 0.7989066747936147 1.0565151517545768 1.3303767775052813
26 260 -0.7864571458662385 -0.3556242555074214 0.14955746777399875 0.3413397035973354 0.4337291458985634 0.7638507969920192 1.0735370554251245 1.4408085155779429
27 270 -0.6712191784769984 -0.3959160037357976 0.01737806157525681 0.7061233473369694 0.47794012710867473 0.6015996995200293 1.087752000000324 1.4921282193337302
28 280 -0.49237385162345687 -0.25526763035400557 0.14013672502135022 0.5427643550665027 0.6896531656984387 0.7989066747936147 1.0565151517545768 1.3303767775052813
27 270 -0.7959611715144218 -0.298307794007807 0.14382629851986894 0.35456304889926793 0.4337291458985634 0.7638507969920192 1.0735370554251245 1.4408085155779429
28 280 -0.7051050427562073 -0.3305674959678188 0.027251203262780934 0.7526509629800792 0.47794012710867473 0.6015996995200293 1.087752000000324 1.4921282193337302
29 290 -0.579541833679888 -0.38232454910581887 0.2650401759876978 0.4680127318386596 0.6162493208371455 0.6795630416727657 1.1079107353678872 1.3895915404955526
28 280 -0.7834989394747935 -0.47556061037116687 0.08010665583973024 0.32031277509946754 0.4337291458985634 0.7638507969920192 1.0735370554251245 1.4408085155779429
29 290 -0.687931346459252 -0.36677466242756435 0.022200216760925238 0.7192300457221 0.45846245820700193 0.49177416282668923 1.2870296152004266 1.3753272762466198
30 300 -0.5742961242335827 -0.3213212706845714 0.14203405527505047 0.5461435802069212 0.6162493208371455 0.6795630416727657 1.1079107353678872 1.3895915404955526
29 290 -0.732086813537641 -0.4199469425541402 0.11178235967496508 0.41034252863310183 0.5079390671863693 0.6913219645786437 1.0679378339125853 1.4572510518833268
30 300 -0.6202688623346618 -0.4035351186988154 0.006573922734359839 0.7484928379118053 0.45846245820700193 0.49177416282668923 1.2870296152004266 1.3753272762466198
31 310 -0.6522832601304452 -0.39019816509351435 0.3053368196245567 0.5979280285209363 0.6162493208371455 0.6795630416727657 1.1079107353678872 1.3895915404955526
30 300 -0.6460285126630333 -0.4594624347325824 0.0886499512817157 0.33989217580939046 0.5079390671863693 0.6913219645786437 1.0679378339125853 1.4572510518833268
31 310 -0.6087303263987999 -0.3476151949571804 0.03648247902971475 0.7655019805090624 0.45846245820700193 0.49177416282668923 1.2870296152004266 1.3753272762466198
32 320 -0.6000595438705263 -0.39012796165046093 0.3536882217373402 0.5260553750484829 0.6162493208371455 0.6795630416727657 1.1079107353678872 1.3895915404955526
31 310 -0.5880903822004282 -0.46661354247916886 0.15438771176602728 0.2779733032679842 0.5079390671863693 0.6913219645786437 1.0679378339125853 1.4572510518833268
32 320 -0.5510338232946608 -0.42868047653304137 0.07418600349121444 0.7617790570138671 0.45846245820700193 0.49177416282668923 1.2870296152004266 1.3753272762466198
33 330 -0.5786765952179931 -0.34721566835439677 0.29337349133927737 0.6038916461919036 0.578175467011634 0.6474710055189615 1.1168986204212206 1.4138712452197757
32 320 -0.6159837585793378 -0.5060851513103081 0.14371886028855316 0.3239863997101065 0.5079390671863693 0.6913219645786437 1.0679378339125853 1.4572510518833268
33 330 -0.639874659075193 -0.43854346418896084 0.07541735126731745 0.8031979586667503 0.4097976720084308 0.5099110190352074 1.208491367594455 1.4531363443024299
34 340 -0.6621337957392595 -0.37140617187941105 0.2671500129641111 0.5963920245735866 0.578175467011634 0.6474710055189615 1.1168986204212206 1.4138712452197757
33 330 -0.5870970526640421 -0.43389198418470604 0.21896373141067138 0.29293796681386025 0.5700646587142286 0.7423769989995062 1.086950260426784 1.39371510991295
34 340 -0.7022776379485755 -0.3501407158058305 0.04388168783650598 0.8124209334666053 0.4097976720084308 0.5099110190352074 1.208491367594455 1.4531363443024299
35 350 -0.7344444157578396 -0.5026293393261829 0.3887836961172611 0.5772939554758324 0.578175467011634 0.6474710055189615 1.1168986204212206 1.4138712452197757
34 340 -0.6298191269675508 -0.47598392966416453 0.15887809167929628 0.2195596005191511 0.5700646587142286 0.7423769989995062 1.086950260426784 1.39371510991295
35 350 -0.6944552435906148 -0.2923572785816674 0.01967571087712745 0.7956355005324858 0.4097976720084308 0.5099110190352074 1.208491367594455 1.4531363443024299
36 360 -0.7633074537351149 -0.4295029874675012 0.3579866744660428 0.6606769541403301 0.578175467011634 0.6474710055189615 1.1168986204212206 1.4138712452197757
35 350 -0.6639721044947112 -0.4445212376246494 0.09617086055068205 0.3779840878711314 0.5700646587142286 0.7423769989995062 1.086950260426784 1.39371510991295
36 360 -0.6923697834295216 -0.36707096565760206 0.1341249155455181 0.7874228810243825 0.4097976720084308 0.5099110190352074 1.208491367594455 1.4531363443024299
37 370 -0.7662049179199303 -0.39981225017548433 0.26686936986928167 0.6678203240704746 0.4401195394916316 0.5267570636941835 1.1915627729459153 1.4522396306861336
36 360 -0.7235936381790986 -0.49205571402292925 0.05051420365107812 0.4081828159321941 0.5700646587142286 0.7423769989995062 1.086950260426784 1.39371510991295
37 370 -0.620745151548957 -0.34759378958408355 0.07983768815941836 0.8298493467417084 0.3975739030843528 0.5690890655256028 1.1998030148022059 1.4417161137883587
38 380 -0.7833712653069945 -0.3856728559540083 0.23071296671220717 0.6987554749177919 0.4401195394916316 0.5267570636941835 1.1915627729459153 1.4522396306861336
37 370 -0.7171323605894009 -0.630559483776561 0.060983187212423906 0.3872970123087837 0.5273796830103354 0.5342262436502538 1.1285786074815651 1.470640444594881
38 380 -0.6553257589342931 -0.3438267155568219 0.17484944186391552 0.8234763712101563 0.3975739030843528 0.5690890655256028 1.1998030148022059 1.4417161137883587
39 390 -0.8311874955539558 -0.41962442096097347 0.30104110711153204 0.6667642589080645 0.4401195394916316 0.5267570636941835 1.1915627729459153 1.4522396306861336
38 380 -0.7140352743478774 -0.6376268050778479 0.1277370205657518 0.3426149851842721 0.5273796830103354 0.5342262436502538 1.1285786074815651 1.470640444594881
39 390 -0.7411293179065677 -0.28792316777098886 0.12017348671791447 0.8440559168120902 0.3975739030843528 0.5690890655256028 1.1998030148022059 1.4417161137883587
40 400 -0.821711684858466 -0.28205063652793827 0.19567480661553127 0.6480000722764633 0.4401195394916316 0.5267570636941835 1.1915627729459153 1.4522396306861336
39 390 -0.6930987106351089 -0.6767167983270098 0.16025787411760892 0.2593089760424528 0.5273796830103354 0.5342262436502538 1.1285786074815651 1.470640444594881
40 400 -0.6339501507344568 -0.21234448936620964 -0.0055843565856615205 0.8402397853208988 0.3975739030843528 0.5690890655256028 1.1998030148022059 1.4417161137883587
41 410 -0.8178163894396203 -0.28098055113915965 0.25258676641435157 0.5704661658335225 0.40998223697545694 0.5900154699824376 1.2284546509594192 1.4052385851100784
40 400 -0.6678226712261124 -0.6281585071835559 0.10452809969724428 0.23898575687035514 0.5273796830103354 0.5342262436502538 1.1285786074815651 1.470640444594881
41 410 -0.6897534423232464 -0.1897537579305823 -0.002242992428722777 0.8477006819312861 0.3629387033364406 0.5393052646507871 1.3069352408566624 1.3672401417992912
42 420 -0.7844954208611805 -0.2614674149228225 0.18679085926544406 0.640697253909019 0.40998223697545694 0.5900154699824376 1.2284546509594192 1.4052385851100784
41 410 -0.6934701367938638 -0.6778576828077997 0.06673868685317311 0.34920993141262446 0.4407273855334682 0.5070701303102209 1.3215686419220576 1.3424215356125277
42 420 -0.7219867190417245 -0.22124321891239862 0.11671630917603208 0.816463210554974 0.3629387033364406 0.5393052646507871 1.3069352408566624 1.3672401417992912
43 430 -0.78239522647483 -0.3664958074074796 0.24015723073612635 0.7294117168607501 0.40998223697545694 0.5900154699824376 1.2284546509594192 1.4052385851100784
42 420 -0.7111296686749204 -0.6760496339670067 0.04316803797934177 0.379703192603361 0.4407273855334682 0.5070701303102209 1.3215686419220576 1.3424215356125277
43 430 -0.7033511726379534 -0.3393571582377414 0.10686361169310707 0.8136309090628189 0.3629387033364406 0.5393052646507871 1.3069352408566624 1.3672401417992912
44 440 -0.7516750158207037 -0.35582727637138767 0.1239382394626683 0.7644342215951261 0.40998223697545694 0.5900154699824376 1.2284546509594192 1.4052385851100784
43 430 -0.7454200752286585 -0.6860703285815186 0.04146577883070088 0.3764056315675671 0.4407273855334682 0.5070701303102209 1.3215686419220576 1.3424215356125277
44 440 -0.7081418035175043 -0.44277388414992713 0.12967809252779014 0.8268602729595627 0.3629387033364406 0.5393052646507871 1.3069352408566624 1.3672401417992912
45 450 -0.7838969723812345 -0.38233659973952183 -0.0022865981041154775 0.8207176887324953 0.3304948076459746 0.3841049156076021 1.3217567744471381 1.4128678724948862
44 440 -0.7257477107896971 -0.6701244472310983 0.1560661639557125 0.345920420971011 0.4407273855334682 0.5070701303102209 1.3215686419220576 1.3424215356125277
45 450 -0.728284532882179 -0.36656809735404233 0.020723181851477326 0.8244204401381632 0.32396304159208 0.45453392040880614 1.298020900837234 1.4154817568128188
46 460 -0.7744085212910199 -0.469854360886387 0.1255536578758583 0.7889403022357525 0.3304948076459746 0.3841049156076021 1.3217567744471381 1.4128678724948862
45 450 -0.6965153024446771 -0.6065487980745248 0.2593341134123564 0.34882959050645407 0.38195951724962485 0.5745912021137888 1.2594744660917858 1.3920042912644615
46 460 -0.7485114672515466 -0.30899576276229823 0.0023321107839373687 0.803699769633722 0.32396304159208 0.45453392040880614 1.298020900837234 1.4154817568128188
47 470 -0.7714440802256324 -0.4104705913365757 0.08210060384498627 0.7383362149203327 0.3304948076459746 0.3841049156076021 1.3217567744471381 1.4128678724948862
46 460 -0.7230963625980794 -0.7008993590623706 0.21571246912608105 0.2822678217306479 0.38195951724962485 0.5745912021137888 1.2594744660917858 1.3920042912644615
47 470 -0.7331230431365084 -0.3625964925680858 -0.07734833338983299 0.849575069184446 0.32396304159208 0.45453392040880614 1.298020900837234 1.4154817568128188
48 480 -0.8222440570278287 -0.4848417015947484 0.13225870856178457 0.7421602652901632 0.3304948076459746 0.3841049156076021 1.3217567744471381 1.4128678724948862
47 470 -0.6781753479434272 -0.6655074581794164 0.016320154420844064 0.49046073765812587 0.38195951724962485 0.5745912021137888 1.2594744660917858 1.3920042912644615
48 480 -0.703208209256567 -0.32377766014797327 -0.11116462935662363 0.8540514870771483 0.32396304159208 0.45453392040880614 1.298020900837234 1.4154817568128188
49 490 -0.7978306486948648 -0.5605408901365085 0.147555463896 0.6937485762129187 0.30054583310272565 0.38373420785035767 1.298648560654412 1.4408095557152136
48 480 -0.7348577079002029 -0.5608782169352025 0.01420820057578602 0.33381488266302234 0.38195951724962485 0.5745912021137888 1.2594744660917858 1.3920042912644615
49 490 -0.6838167309272873 -0.3388145391404536 -0.17648020974673198 0.8387739125443622 0.32766565598082403 0.4403166912893162 1.3007960090219999 1.4165755088152283
50 500 -0.8055997735957899 -0.5295396063506616 0.12293647882847066 0.6824051337091306 0.30054583310272565 0.38373420785035767 1.298648560654412 1.4408095557152136
49 490 -0.759919519223782 -0.5899725115063268 -0.04209187479424689 0.42154925482409406 0.3781091512688661 0.6269457119377202 1.2339992119401468 1.393276171094855
50 500 -0.7139984713241271 -0.46979214471150743 -0.11527952974552413 0.8755601996561859 0.32766565598082403 0.4403166912893162 1.3007960090219999 1.4165755088152283
51 510 -0.8082505516944687 -0.6309016176896025 0.2367915831518868 0.7022485833303095 0.30054583310272565 0.38373420785035767 1.298648560654412 1.4408095557152136
50 500 -0.7652499006609027 -0.7269662012875263 -0.0020147254878792693 0.41935206639495265 0.3781091512688661 0.6269457119377202 1.2339992119401468 1.393276171094855
51 510 -0.6362928812869644 -0.5853179715125096 -0.13459163643018945 0.8864231851090126 0.32766565598082403 0.4403166912893162 1.3007960090219999 1.4165755088152283
52 520 -0.8200569392211273 -0.6879903111688799 0.3349258468974256 0.7093023999042921 0.30054583310272565 0.38373420785035767 1.298648560654412 1.4408095557152136
51 510 -0.7353352571835545 -0.7275152297681424 0.11935502484274432 0.3521583732678267 0.3781091512688661 0.6269457119377202 1.2339992119401468 1.393276171094855
52 520 -0.6719763755890691 -0.5977941469600475 -0.10224840099783344 0.8873627046148036 0.32766565598082403 0.4403166912893162 1.3007960090219999 1.4165755088152283
53 530 -0.8367627376261834 -0.6494414945211523 0.33920449720856627 0.7072756891961288 0.26421574583476426 0.36337259235223024 1.217647474302872 1.521671786918597
52 520 -0.7360971336752873 -0.7307014551500102 0.15122467604177994 0.3188942799802132 0.3781091512688661 0.6269457119377202 1.2339992119401468 1.393276171094855
53 530 -0.7138391667631082 -0.4996602423472979 -0.16515457826950253 0.8573509011662773 0.2146093850003105 0.38138836534398995 1.2758971542519475 1.476676057374064
54 540 -0.8599285405451416 -0.627861760360326 0.35113647847859597 0.7058730049008021 0.26421574583476426 0.36337259235223024 1.217647474302872 1.521671786918597
53 530 -0.85356640479629 -0.7202670745551744 0.1545532504269789 0.32812517726171986 0.31920090581140814 0.4196662097364898 1.3201645439614011 1.40682501790442
54 540 -0.7267185519367241 -0.5267786004850392 -0.13455024626108875 0.8571158321651541 0.2146093850003105 0.38138836534398995 1.2758971542519475 1.476676057374064
55 550 -0.8521256154266339 -0.558872855910584 0.2705117622903258 0.7253514191970029 0.26421574583476426 0.36337259235223024 1.217647474302872 1.521671786918597
54 540 -0.8087191449573058 -0.7285563346714287 0.2127428393501721 0.22201267689840137 0.31920090581140814 0.4196662097364898 1.3201645439614011 1.40682501790442
55 550 -0.7450169643046738 -0.518171461420792 -0.12635296311640182 0.8568146008457395 0.2146093850003105 0.38138836534398995 1.2758971542519475 1.476676057374064
56 560 -0.8362038482642736 -0.5692789999064842 0.27284388367805756 0.6738098610629355 0.26421574583476426 0.36337259235223024 1.217647474302872 1.521671786918597
55 550 -0.8226753718552885 -0.5817936499228827 0.25079952179106485 0.3072024528725446 0.31920090581140814 0.4196662097364898 1.3201645439614011 1.40682501790442
56 560 -0.6891971735777261 -0.4845095379683924 -0.1994536651244182 0.8499548759474297 0.2146093850003105 0.38138836534398995 1.2758971542519475 1.476676057374064
57 570 -0.8234320689164074 -0.6206364436301745 0.2735438081159353 0.6758135569812829 0.2563264651047927 0.35546856713685643 1.2725220860616222 1.479400683232886
56 560 -0.8219264836506038 -0.569120290814394 0.1311004279139216 0.3918859431422945 0.31920090581140814 0.4196662097364898 1.3201645439614011 1.40682501790442
57 570 -0.7002195282709137 -0.4567971491800525 -0.2553411602270339 0.8607141886026756 0.1709568802802002 0.3452993528295147 1.3122786673579339 1.4592692696064233
58 580 -0.8418932120275424 -0.5940502276253962 0.2993144821743918 0.5853984576700064 0.2563264651047927 0.35546856713685643 1.2725220860616222 1.479400683232886
57 570 -0.8412308057432667 -0.6263838679978897 0.03221273825174271 0.4888422072194033 0.3540915619581894 0.4701978946205862 1.2345309118259236 1.4592691778389046
58 580 -0.7170101508582956 -0.474486475406193 -0.18406633963347227 0.8572681737185727 0.1709568802802002 0.3452993528295147 1.3122786673579339 1.4592692696064233
59 590 -0.8574209356275027 -0.6996624774089524 0.43037507923409773 0.543024874074348 0.2563264651047927 0.35546856713685643 1.2725220860616222 1.479400683232886
58 580 -0.842866013257714 -0.5499366709605154 0.20479249718924428 0.44435911622839325 0.3540915619581894 0.4701978946205862 1.2345309118259236 1.4592691778389046
59 590 -0.7856445293633909 -0.4949209442445864 -0.07166829496848454 0.8608700723060949 0.1709568802802002 0.3452993528295147 1.3122786673579339 1.4592692696064233
60 600 -0.8591821737916919 -0.7425330603944376 0.4667678555381115 0.4970230735231003 0.2563264651047927 0.35546856713685643 1.2725220860616222 1.479400683232886
59 590 -0.8616164974296892 -0.5850954758425886 0.28831441641632316 0.39733761225101133 0.3540915619581894 0.4701978946205862 1.2345309118259236 1.4592691778389046
60 600 -0.8141523795550023 -0.5309944166433566 5.7947906615260194e-05 0.8664784991736205 0.1709568802802002 0.3452993528295147 1.3122786673579339 1.4592692696064233
61 610 -0.8976568687006315 -0.7498078046559803 0.4243969069949392 0.5978750192404141 0.2588509307582697 0.27781440338680635 1.1614059213679897 1.5833356052106515
60 600 -0.8714438283916314 -0.5539316577636904 0.35219945426495036 0.40036209792703903 0.3540915619581894 0.4701978946205862 1.2345309118259236 1.4592691778389046
61 610 -0.7315870799130488 -0.49493651703651914 -0.16239308826449134 0.8638118566312933 0.18270781561014604 0.3408653819210915 1.3062372981188584 1.4642994115022727
62 620 -0.886936259580132 -0.6941374514866381 0.512600784699102 0.568298427052077 0.2588509307582697 0.27781440338680635 1.1614059213679897 1.5833356052106515
61 610 -0.8520925521359239 -0.5959599627505058 0.30233181703295015 0.40862367804828936 0.3171125329690919 0.41659017436031465 1.2682312665801139 1.455156940858604
62 620 -0.6868926187190977 -0.5267752873899866 -0.18824154488677716 0.8695564967610507 0.18270781561014604 0.3408653819210915 1.3062372981188584 1.4642994115022727
63 630 -0.8477413633047187 -0.6696715055013076 0.45112993221525344 0.6419424154451084 0.2588509307582697 0.27781440338680635 1.1614059213679897 1.5833356052106515
62 620 -0.8818290835439087 -0.5892540377823011 0.345215346641984 0.3960379526785006 0.3171125329690919 0.41659017436031465 1.2682312665801139 1.455156940858604
63 630 -0.7590871048941815 -0.4044078851219907 -0.17998493099550333 0.7631733671185824 0.18270781561014604 0.3408653819210915 1.3062372981188584 1.4642994115022727
64 640 -0.8784018631857248 -0.6342624169835281 0.5063984195529206 0.6635138167922024 0.2588509307582697 0.27781440338680635 1.1614059213679897 1.5833356052106515
63 630 -0.8578443852195536 -0.6607536961515 0.21812349809526407 0.4280526951752386 0.3171125329690919 0.41659017436031465 1.2682312665801139 1.455156940858604
64 640 -0.7966140854564794 -0.5597502015276339 0.07655100708098206 0.8023956574453527 0.18270781561014604 0.3408653819210915 1.3062372981188584 1.4642994115022727
65 650 -0.8612347825484802 -0.4907180716200921 0.3932917070991428 0.6191827476519998 0.17817021453318604 0.3984005779627432 1.2692449735281548 1.4827506706475184
64 640 -0.8513601746528274 -0.7259227036040123 0.18076097465787178 0.3997648214635109 0.3171125329690919 0.41659017436031465 1.2682312665801139 1.455156940858604
65 650 -0.755909145037103 -0.5672177446291736 0.03353655512631684 0.7921893160740735 0.18113248585097996 0.4538297827105006 1.17942771467983 1.539538832488319
66 660 -0.8611208714362655 -0.45305800473541535 0.3561650296888671 0.6115027772359346 0.17817021453318604 0.3984005779627432 1.2692449735281548 1.4827506706475184
65 650 -0.8623453662637485 -0.7485397790041963 0.2000898494733555 0.36790224353527007 0.26790037627134916 0.3592200523558543 1.322826048006514 1.431545175359337
66 660 -0.7229783043617063 -0.582680972971648 0.013932612369454193 0.793875987576786 0.18113248585097996 0.4538297827105006 1.17942771467983 1.539538832488319
67 670 -0.8787628345842595 -0.46078650880896066 0.38715643662104693 0.5707078247526197 0.17817021453318604 0.3984005779627432 1.2692449735281548 1.4827506706475184
66 660 -0.8758118672056467 -0.6856063963276967 0.16236333796851163 0.4755262465695267 0.26790037627134916 0.3592200523558543 1.322826048006514 1.431545175359337
67 670 -0.5860143714349259 -0.49413574559311585 -0.2784278491518802 0.8219420866537619 0.18113248585097996 0.4538297827105006 1.17942771467983 1.539538832488319
68 680 -0.8849129430696118 -0.45123482588170843 0.37666957264222256 0.605738927970833 0.17817021453318604 0.3984005779627432 1.2692449735281548 1.4827506706475184
67 670 -0.8792006425741205 -0.6326936859606423 0.2730231699350161 0.45425868789201335 0.26790037627134916 0.3592200523558543 1.322826048006514 1.431545175359337
68 680 -0.6688472249064616 -0.5054803914273954 -0.17114078636419428 0.8270272122735864 0.18113248585097996 0.4538297827105006 1.17942771467983 1.539538832488319
69 690 -0.8759283004910375 -0.5731684960390631 0.4727114412630368 0.5251671184912646 0.198996197480396 0.35085602592001275 1.2301118965094862 1.5245082107124885
68 680 -0.8659105633551516 -0.6524557145268975 0.33914046994697267 0.35969610474760877 0.26790037627134916 0.3592200523558543 1.322826048006514 1.431545175359337
69 690 -0.6708166544467502 -0.4513045090439761 -0.20467767381939692 0.8222607298159206 0.22216171287350275 0.426506204718211 1.2699902241285586 1.468285211152068
70 700 -0.8646220921777692 -0.5835232803265544 0.4017936235290928 0.4583058299693933 0.198996197480396 0.35085602592001275 1.2301118965094862 1.5245082107124885
69 690 -0.8749302689215395 -0.6040073473287891 0.30033471014097174 0.487962078937238 0.20898704370277116 0.34610326485948817 1.2649814873815077 1.4954460144719524
70 700 -0.6891420441032641 -0.4467556148098345 -0.16589399165541635 0.8025139882824464 0.22216171287350275 0.426506204718211 1.2699902241285586 1.468285211152068
71 710 -0.8751811064418276 -0.6829538397745403 0.4061825636057927 0.5929881767684575 0.198996197480396 0.35085602592001275 1.2301118965094862 1.5245082107124885
70 700 -0.8628844633508941 -0.5690262546420798 0.24725008836027018 0.574971890748515 0.20898704370277116 0.34610326485948817 1.2649814873815077 1.4954460144719524
71 710 -0.6758356906216525 -0.39629598049989206 -0.24013842465701782 0.8013928203870904 0.22216171287350275 0.426506204718211 1.2699902241285586 1.468285211152068
72 720 -0.8883326134228727 -0.7239360900336993 0.33967494563396916 0.6412065583528495 0.198996197480396 0.35085602592001275 1.2301118965094862 1.5245082107124885
71 710 -0.8781276150665542 -0.5337511972399511 0.3783733421071925 0.4881462271313437 0.20898704370277116 0.34610326485948817 1.2649814873815077 1.4954460144719524
72 720 -0.718009353508353 -0.35015376964942646 -0.2522963138500067 0.792555851539578 0.22216171287350275 0.426506204718211 1.2699902241285586 1.468285211152068
73 730 -0.8908127871238934 -0.6887267911935149 0.35534599596656835 0.6415748400125405 0.19632429666458914 0.3369195278894462 1.1294637538133678 1.6038246883895144
72 720 -0.8780651322976568 -0.545799815760766 0.3278301084080385 0.5248286141307594 0.20898704370277116 0.34610326485948817 1.2649814873815077 1.4954460144719524
73 730 -0.7067572088744678 -0.4323935562325531 -0.13172463467375034 0.7907360452833074 0.21857995888501647 0.4628680226315927 1.286145852171333 1.4435389991757825
74 740 -0.8648668662733949 -0.6194134289415254 0.36115332559730967 0.5618358814823272 0.19632429666458914 0.3369195278894462 1.1294637538133678 1.6038246883895144
73 730 -0.8653410516471077 -0.6544992032713545 0.07462510833518958 0.6105557452127665 0.19530832829076333 0.3661094181117004 1.196009988982559 1.5483470725661346
74 740 -0.7373870173721236 -0.4027462930941173 -0.1679357553150847 0.7602436226602621 0.21857995888501647 0.4628680226315927 1.286145852171333 1.4435389991757825
75 750 -0.8908373051834346 -0.6621937629183117 0.3926179799599516 0.6057538706130816 0.19632429666458914 0.3369195278894462 1.1294637538133678 1.6038246883895144
74 740 -0.8321544525810081 -0.663740982966378 0.012852242683390275 0.6224322369281918 0.19530832829076333 0.3661094181117004 1.196009988982559 1.5483470725661346
75 750 -0.6910244028421157 -0.406946139099999 -0.19294668527916192 0.7513231847365233 0.21857995888501647 0.4628680226315927 1.286145852171333 1.4435389991757825
76 760 -0.8970543709668616 -0.6541508062779539 0.4126680967846162 0.6339561433048698 0.19632429666458914 0.3369195278894462 1.1294637538133678 1.6038246883895144
75 750 -0.8457593777696195 -0.6593779647515579 0.09702108586138802 0.5773889153890267 0.19530832829076333 0.3661094181117004 1.196009988982559 1.5483470725661346
76 760 -0.7280785575118688 -0.37401326792580136 -0.25958230344518335 0.7819611675574822 0.21857995888501647 0.4628680226315927 1.286145852171333 1.4435389991757825
77 770 -0.8704748042233887 -0.5517275294628348 0.5286603328207088 0.5401723308851144 0.23927548158288608 0.364586769918841 1.219519828843991 1.5240062723524952
76 760 -0.8413305707113605 -0.6388310648480202 0.1425610605156414 0.5681013287489903 0.19530832829076333 0.3661094181117004 1.196009988982559 1.5483470725661346
77 770 -0.6578810687078988 -0.4620270157147426 -0.2826958021127288 0.8291645953431742 0.20543786681371146 0.4164456695800204 1.2718878999560093 1.471961092255014
78 780 -0.8645287416008147 -0.5710469251454383 0.527065907093039 0.6238173655782463 0.23927548158288608 0.364586769918841 1.219519828843991 1.5240062723524952
77 770 -0.8508919753213029 -0.5959294970614595 0.16013356507016047 0.5822168656200462 0.22022761021435028 0.3909446318579678 1.2037325865644406 1.532869842668841
78 780 -0.7020762806342972 -0.4303164422841113 -0.2032930726844348 0.7961473165913976 0.20543786681371146 0.4164456695800204 1.2718878999560093 1.471961092255014
79 790 -0.8873345773031706 -0.6293682043054571 0.5113125492007435 0.6518827590535757 0.23927548158288608 0.364586769918841 1.219519828843991 1.5240062723524952
78 780 -0.8550040444459815 -0.6754001353576601 -0.009363877752754707 0.628847160833357 0.22022761021435028 0.3909446318579678 1.2037325865644406 1.532869842668841
79 790 -0.7392517478221012 -0.5059980098337478 -0.05137143844837168 0.7985993803855715 0.20543786681371146 0.4164456695800204 1.2718878999560093 1.471961092255014
80 800 -0.8951453381409263 -0.6598015226366674 0.5958269915300343 0.6543117166692575 0.23927548158288608 0.364586769918841 1.219519828843991 1.5240062723524952
79 790 -0.884923893231152 -0.6358733326055399 0.10398810298686208 0.5708076754933639 0.22022761021435028 0.3909446318579678 1.2037325865644406 1.532869842668841
80 800 -0.7111799005637935 -0.4357616733181861 -0.17512957739423576 0.7996094830667178 0.20543786681371146 0.4164456695800204 1.2718878999560093 1.471961092255014
81 810 -0.8530680837609808 -0.6244754628162238 0.6254294756419729 0.7065790827629245 0.24183519939991255 0.3834065198855872 1.1256380412286617 1.5897968980279615
80 800 -0.8658562388043806 -0.6951766445432062 0.10191319629393018 0.5062718673698743 0.22022761021435028 0.3909446318579678 1.2037325865644406 1.532869842668841
81 810 -0.6912488738865523 -0.4977713566056437 -0.18332063093588025 0.8550430910840815 0.2287398979462018 0.3809124548690012 1.260405345794171 1.4879388848695059
82 820 -0.8883685490281273 -0.5556163825024371 0.6351976505573548 0.753621595019859 0.24183519939991255 0.3834065198855872 1.1256380412286617 1.5897968980279615
81 810 -0.8416224492344735 -0.83936175796695 0.08750248200179352 0.48556712158875603 0.2232322277860385 0.4017090992633581 1.148514351474937 1.5715317230341892
82 820 -0.7442672625844968 -0.47350626986920763 -0.1275790368184195 0.8171646425338539 0.2287398979462018 0.3809124548690012 1.260405345794171 1.4879388848695059
83 830 -0.9044023024870974 -0.580952870286684 0.6387636007752171 0.746493115319642 0.24183519939991255 0.3834065198855872 1.1256380412286617 1.5897968980279615
82 820 -0.8808211094656125 -0.8286599761374928 0.18740003049465181 0.6556702602423164 0.2232322277860385 0.4017090992633581 1.148514351474937 1.5715317230341892
83 830 -0.7526246318215936 -0.4527510318433547 -0.11512283434775138 0.7858285951643778 0.2287398979462018 0.3809124548690012 1.260405345794171 1.4879388848695059
84 840 -0.8972538791312232 -0.5575245607088297 0.6347160548808148 0.750795590991791 0.24183519939991255 0.3834065198855872 1.1256380412286617 1.5897968980279615
83 830 -0.9097651242882048 -0.8245347316944536 0.21381659052980773 0.6669793427215148 0.2232322277860385 0.4017090992633581 1.148514351474937 1.5715317230341892
84 840 -0.7726673603178126 -0.5141327959597539 0.011037113962475815 0.8094471961831954 0.2287398979462018 0.3809124548690012 1.260405345794171 1.4879388848695059
85 850 -0.8981382717651994 -0.5267895353380281 0.6363827870625745 0.730457412258336 0.2170820597434935 0.32475283464976235 1.16556346655929 1.5776161704124223
84 840 -0.9192486271189724 -0.7379069702979066 0.0864217007584349 0.7080895206369401 0.2232322277860385 0.4017090992633581 1.148514351474937 1.5715317230341892
85 850 -0.775835103178324 -0.4822675580264513 -0.03167397192944213 0.7934675077975978 0.20116151709713162 0.4677797826265984 1.215985599805596 1.5040263096337176
86 860 -0.8762665559502438 -0.3795283408029538 0.452452678694036 0.6686180645108256 0.2170820597434935 0.32475283464976235 1.16556346655929 1.5776161704124223
85 850 -0.9374670248807652 -0.7692758646358628 0.13907181080283382 0.7902528464737884 0.21423299822905115 0.25513583849398563 1.0194699065846256 1.68810279188031
86 860 -0.7911334057693318 -0.5277220130589633 0.03158912866481452 0.8181262627962534 0.20116151709713162 0.4677797826265984 1.215985599805596 1.5040263096337176
87 870 -0.8445265768977808 -0.4578374082615865 0.5294723224578485 0.7032997683829292 0.2170820597434935 0.32475283464976235 1.16556346655929 1.5776161704124223
86 860 -0.9270651204456379 -0.7498516741630475 0.16246812006279712 0.767693076561089 0.21423299822905115 0.25513583849398563 1.0194699065846256 1.68810279188031
87 870 -0.8431906503788678 -0.6055963818594867 0.1866821319154598 0.8393048229028607 0.20116151709713162 0.4677797826265984 1.215985599805596 1.5040263096337176
88 880 -0.8530598731556341 -0.3765327880025685 0.4687173281567526 0.7079863033722668 0.2170820597434935 0.32475283464976235 1.16556346655929 1.5776161704124223
87 870 -0.9380498214794238 -0.7599192341445632 0.2144763301689742 0.7924418119464017 0.21423299822905115 0.25513583849398563 1.0194699065846256 1.68810279188031
88 880 -0.7651621743946871 -0.6770406037058835 0.19751128298416706 0.8871562708468395 0.20116151709713162 0.4677797826265984 1.215985599805596 1.5040263096337176
89 890 -0.8851032241137385 -0.36519313168534717 0.3894276649429049 0.7330333366020222 0.2383134131939074 0.364533371239311 1.2929694289428384 1.4623789502601585
88 880 -0.9331014309163973 -0.7600271287200897 0.25118326051799655 0.791201959555835 0.21423299822905115 0.25513583849398563 1.0194699065846256 1.68810279188031
89 890 -0.741670609176419 -0.6318643579814134 0.03522875161044306 0.9020285893663293 0.19229308354017127 0.3311086081473998 1.1398251189450057 1.5981830802055526
90 900 -0.8839767162065537 -0.33703834243743486 0.31511199302203596 0.7294597594837849 0.2383134131939074 0.364533371239311 1.2929694289428384 1.4623789502601585
89 890 -0.9462388521079066 -0.7507492035921763 0.2658469828430134 0.7884366435155259 0.20754774032514342 0.26345130939117145 0.9689582102978772 1.71715966926851
90 900 -0.7464131711514814 -0.5973586373394167 -0.011649011826014837 0.8823142350853127 0.19229308354017127 0.3311086081473998 1.1398251189450057 1.5981830802055526
91 910 -0.8979268149063422 -0.37218312594070824 0.3753190736852286 0.7066137217233561 0.2383134131939074 0.364533371239311 1.2929694289428384 1.4623789502601585
90 900 -0.9295981171654197 -0.7459179812284951 0.1899581447340592 0.7530113707715138 0.20754774032514342 0.26345130939117145 0.9689582102978772 1.71715966926851
91 910 -0.7308919042317703 -0.627265296953858 0.01716091567680971 0.8792920694898122 0.19229308354017127 0.3311086081473998 1.1398251189450057 1.5981830802055526
92 920 -0.9205405863110391 -0.3517722696355101 0.3872060584209704 0.7041337721198929 0.2383134131939074 0.364533371239311 1.2929694289428384 1.4623789502601585
91 910 -0.9109271700413702 -0.823882984129338 0.2797716546142982 0.7102192511579656 0.20754774032514342 0.26345130939117145 0.9689582102978772 1.71715966926851
92 920 -0.7456708182586979 -0.6247315653184435 0.04499281127965063 0.8574025975027894 0.19229308354017127 0.3311086081473998 1.1398251189450057 1.5981830802055526
93 930 -0.9263344830379207 -0.46220776815075537 0.521880318272794 0.6564971337961671 0.2215500101070279 0.28786978776536265 1.252221945095608 1.5165707298159465
92 920 -0.8982789955122137 -0.8306605642384026 0.16687048688529044 0.6263546237795916 0.20754774032514342 0.26345130939117145 0.9689582102978772 1.71715966926851
93 930 -0.7178093435704164 -0.5932920401353631 -0.02376625850962222 0.855460410104024 0.20743330547192315 0.39143997906624123 1.1703100316262274 1.5601668489122023
94 940 -0.9170387935383485 -0.4841739476746832 0.5393876043281615 0.7284054681814841 0.2215500101070279 0.28786978776536265 1.252221945095608 1.5165707298159465
93 930 -0.8806878875867186 -0.8486290691987386 0.24679309642031685 0.6366112166929642 0.21619409903769335 0.3467568378023081 1.0227495706246157 1.6694319760822207
94 940 -0.7384853223326798 -0.6916634763013703 0.15150062676856688 0.8730345933772261 0.20743330547192315 0.39143997906624123 1.1703100316262274 1.5601668489122023
95 950 -0.917147225777463 -0.46211983019204456 0.5352112983488996 0.7017689050553759 0.2215500101070279 0.28786978776536265 1.252221945095608 1.5165707298159465
94 940 -0.874620526022087 -0.8415501760460948 0.20593094400485154 0.6157565579052803 0.21619409903769335 0.3467568378023081 1.0227495706246157 1.6694319760822207
95 950 -0.7493881439754356 -0.5756575155487835 0.009609032260636046 0.8855901440418228 0.20743330547192315 0.39143997906624123 1.1703100316262274 1.5601668489122023
96 960 -0.8891872169817723 -0.49585221514228006 0.5596840915801204 0.7865936513431204 0.2215500101070279 0.28786978776536265 1.252221945095608 1.5165707298159465
95 950 -0.8661933993590725 -0.8477848110304411 0.1138206369634193 0.5068904505577627 0.21619409903769335 0.3467568378023081 1.0227495706246157 1.6694319760822207
96 960 -0.8056606104835577 -0.48177324992855947 -0.05094919835697848 0.9013901054486124 0.20743330547192315 0.39143997906624123 1.1703100316262274 1.5601668489122023
97 970 -0.8796535428839918 -0.5533493432766414 0.5460188111727026 0.7666457916125683 0.20637282058799628 0.36863152229265134 1.1635627154336963 1.570873281632647
96 960 -0.868195296513579 -0.8448932288716389 0.13305975342325813 0.5266549488651799 0.21619409903769335 0.3467568378023081 1.0227495706246157 1.6694319760822207
97 970 -0.7757313610281776 -0.4373616949717965 -0.1396574139122026 0.9012994254427363 0.19888516900741834 0.3080234162442038 1.294757939547355 1.4795837734218455
98 980 -0.9029910928753075 -0.5805613842629267 0.5278979494649232 0.7987613597272586 0.20637282058799628 0.36863152229265134 1.1635627154336963 1.570873281632647
97 970 -0.8685153514835281 -0.8586709085472992 0.14340780406477247 0.5399992449500886 0.22935775646398263 0.3740413537884523 1.107298725515607 1.606666616842904
98 980 -0.8079239372449707 -0.529181332595422 0.026691343795769523 0.8674508034928612 0.19888516900741834 0.3080234162442038 1.294757939547355 1.4795837734218455
99 990 -0.8878830804658023 -0.4278888154756679 0.37434232500255865 0.8092325680642317 0.20637282058799628 0.36863152229265134 1.1635627154336963 1.570873281632647
98 980 -0.8635830058575782 -0.8182379400055323 0.068553715084852 0.5500366283049709 0.22935775646398263 0.3740413537884523 1.107298725515607 1.606666616842904
99 990 -0.8301340833997873 -0.46872540706988436 0.01092859423244132 0.8516648602856921 0.19888516900741834 0.3080234162442038 1.294757939547355 1.4795837734218455
100 1000 -0.8900972708248286 -0.4055141371049998 0.3991702354193188 0.7279005559798561 0.20637282058799628 0.36863152229265134 1.1635627154336963 1.570873281632647
99 990 -0.837592955211823 -0.827610898750908 -0.07502436748391134 0.5166804231078882 0.22935775646398263 0.3740413537884523 1.107298725515607 1.606666616842904
100 1000 -0.7922269686938772 -0.4586387974696878 -0.07385376968931993 0.8425536705827714 0.19888516900741834 0.3080234162442038 1.294757939547355 1.4795837734218455
100 1000 -0.8235304447689219 -0.8144484947420351 -0.09558489531441657 0.5619193045118721 0.22935775646398263 0.3740413537884523 1.107298725515607 1.606666616842904
