% # columns="iteration, evaluation, min max(neg(.)) min(pos(.)) max correlation, correlation matrix principal axes lengths  (sorted square roots of eigenvalues of correlation matrix)", seed=449147, Sun Feb 26 20:54:59 2023
1 10 -0.13281106294026374 -0.12455217393034126 0.04222768362648262 0.13982019918222793 0.8723144262623566 0.9497280848511109 1.0452332643563595 1.1156036615494611
2 20 -0.20769450331597772 -0.10666821698930273 0.08783790308076164 0.10703420916612451 0.8508215234025837 0.9668535703461771 1.0438158173533112 1.1188143046398702
2 20 -0.13281106294026374 -0.12455217393034126 0.04222768362648262 0.13982019918222793 0.8723144262623566 0.9497280848511109 1.0452332643563595 1.1156036615494611
2 20 -0.11016520111012079 -0.10810697737637726 0.024933311785482026 0.1805816428053047 0.8624936812690591 0.9874939308282674 1.0276260665422456 1.106772358577497
3 30 -0.13281106294026374 -0.12455217393034126 0.04222768362648262 0.13982019918222793 0.8723144262623566 0.9497280848511109 1.0452332643563595 1.1156036615494611
3 30 -0.20769450331597772 -0.10666821698930273 0.08783790308076164 0.10703420916612451 0.8508215234025837 0.9668535703461771 1.0438158173533112 1.1188143046398702
3 30 -0.11016520111012079 -0.10810697737637726 0.024933311785482026 0.1805816428053047 0.8624936812690591 0.9874939308282674 1.0276260665422456 1.106772358577497
4 40 -0.13281106294026374 -0.12455217393034126 0.04222768362648262 0.13982019918222793 0.8723144262623566 0.9497280848511109 1.0452332643563595 1.1156036615494611
4 40 -0.20769450331597772 -0.10666821698930273 0.08783790308076164 0.10703420916612451 0.8508215234025837 0.9668535703461771 1.0438158173533112 1.1188143046398702
5 50 -0.18288862509150766 -0.13300139915636092 0.06220532185989216 0.09820521127180228 0.8863893478289558 0.9242758273649285 1.0622719105846568 1.1097776835866981
4 40 -0.11016520111012079 -0.10810697737637726 0.024933311785482026 0.1805816428053047 0.8624936812690591 0.9874939308282674 1.0276260665422456 1.106772358577497
6 60 -0.18288862509150766 -0.13300139915636092 0.06220532185989216 0.09820521127180228 0.8863893478289558 0.9242758273649285 1.0622719105846568 1.1097776835866981
5 50 -0.3704824902972797 -0.25357027733365267 0.16086068840607712 0.3943580364318235 0.6975982865905453 0.8123058455016893 1.1337035644908107 1.2522907297311408
5 50 -0.2937737523032448 -0.028665872695712358 0.1949223907562584 0.21873264900060577 0.7516131328504664 0.9418691472410309 1.0802266217737508 1.175189624534454
7 70 -0.18288862509150766 -0.13300139915636092 0.06220532185989216 0.09820521127180228 0.8863893478289558 0.9242758273649285 1.0622719105846568 1.1097776835866981
6 60 -0.3704824902972797 -0.25357027733365267 0.16086068840607712 0.3943580364318235 0.6975982865905453 0.8123058455016893 1.1337035644908107 1.2522907297311408
6 60 -0.2937737523032448 -0.028665872695712358 0.1949223907562584 0.21873264900060577 0.7516131328504664 0.9418691472410309 1.0802266217737508 1.175189624534454
8 80 -0.18288862509150766 -0.13300139915636092 0.06220532185989216 0.09820521127180228 0.8863893478289558 0.9242758273649285 1.0622719105846568 1.1097776835866981
7 70 -0.3704824902972797 -0.25357027733365267 0.16086068840607712 0.3943580364318235 0.6975982865905453 0.8123058455016893 1.1337035644908107 1.2522907297311408
7 70 -0.2937737523032448 -0.028665872695712358 0.1949223907562584 0.21873264900060577 0.7516131328504664 0.9418691472410309 1.0802266217737508 1.175189624534454
9 90 -0.42365971601143154 -0.3236925728798674 0.3779391051518001 0.5247526905760774 0.6644733632846803 0.7854079895487676 0.9301436301922276 1.4409865601909455
8 80 -0.3704824902972797 -0.25357027733365267 0.16086068840607712 0.3943580364318235 0.6975982865905453 0.8123058455016893 1.1337035644908107 1.2522907297311408
8 80 -0.2937737523032448 -0.028665872695712358 0.1949223907562584 0.21873264900060577 0.7516131328504664 0.9418691472410309 1.0802266217737508 1.175189624534454
10 100 -0.42365971601143154 -0.3236925728798674 0.3779391051518001 0.5247526905760774 0.6644733632846803 0.7854079895487676 0.9301436301922276 1.4409865601909455
9 90 -0.4185078897451893 -0.32155586880568265 0.27408824088518174 0.3844065049442432 0.6695760485206002 0.7564906951675993 1.1078138301304046 1.3236835955560473
9 90 -0.08631296584579387 -0.00822594303362774 0.18130474120528475 0.42581870142494704 0.6921687558245407 0.9724479817623446 1.0497200271747305 1.2138101996502306
11 110 -0.42365971601143154 -0.3236925728798674 0.3779391051518001 0.5247526905760774 0.6644733632846803 0.7854079895487676 0.9301436301922276 1.4409865601909455
10 100 -0.4185078897451893 -0.32155586880568265 0.27408824088518174 0.3844065049442432 0.6695760485206002 0.7564906951675993 1.1078138301304046 1.3236835955560473
10 100 -0.08631296584579387 -0.00822594303362774 0.18130474120528475 0.42581870142494704 0.6921687558245407 0.9724479817623446 1.0497200271747305 1.2138101996502306
12 120 -0.42365971601143154 -0.3236925728798674 0.3779391051518001 0.5247526905760774 0.6644733632846803 0.7854079895487676 0.9301436301922276 1.4409865601909455
11 110 -0.4185078897451893 -0.32155586880568265 0.27408824088518174 0.3844065049442432 0.6695760485206002 0.7564906951675993 1.1078138301304046 1.3236835955560473
11 110 -0.08631296584579387 -0.00822594303362774 0.18130474120528475 0.42581870142494704 0.6921687558245407 0.9724479817623446 1.0497200271747305 1.2138101996502306
13 130 -0.5491198283271377 -0.4152591111915994 0.4567400051662096 0.5509788004402378 0.6232978627028847 0.702616197439047 0.9004512923702975 1.5188870015623188
12 120 -0.08631296584579387 -0.00822594303362774 0.18130474120528475 0.42581870142494704 0.6921687558245407 0.9724479817623446 1.0497200271747305 1.2138101996502306
12 120 -0.4185078897451893 -0.32155586880568265 0.27408824088518174 0.3844065049442432 0.6695760485206002 0.7564906951675993 1.1078138301304046 1.3236835955560473
13 130 -0.2997164904859778 -0.27763106022760586 0.30310663936650895 0.6055682805641048 0.5080042022281179 0.8310262138114383 1.093309929085013 1.3623511153300103
14 140 -0.5491198283271377 -0.4152591111915994 0.4567400051662096 0.5509788004402378 0.6232978627028847 0.702616197439047 0.9004512923702975 1.5188870015623188
13 130 -0.4701805645281079 -0.4090248511340022 0.3093306579069923 0.419110041541368 0.4277961452421404 0.8325909797744503 1.1568704306308293 1.336201154484694
15 150 -0.5491198283271377 -0.4152591111915994 0.4567400051662096 0.5509788004402378 0.6232978627028847 0.702616197439047 0.9004512923702975 1.5188870015623188
14 140 -0.4701805645281079 -0.4090248511340022 0.3093306579069923 0.419110041541368 0.4277961452421404 0.8325909797744503 1.1568704306308293 1.336201154484694
14 140 -0.2997164904859778 -0.27763106022760586 0.30310663936650895 0.6055682805641048 0.5080042022281179 0.8310262138114383 1.093309929085013 1.3623511153300103
16 160 -0.5491198283271377 -0.4152591111915994 0.4567400051662096 0.5509788004402378 0.6232978627028847 0.702616197439047 0.9004512923702975 1.5188870015623188
15 150 -0.4701805645281079 -0.4090248511340022 0.3093306579069923 0.419110041541368 0.4277961452421404 0.8325909797744503 1.1568704306308293 1.336201154484694
15 150 -0.2997164904859778 -0.27763106022760586 0.30310663936650895 0.6055682805641048 0.5080042022281179 0.8310262138114383 1.093309929085013 1.3623511153300103
17 170 -0.38133789041597166 -0.229349358254548 0.2804280454206699 0.4514952611863164 0.6851357539530698 0.853327656910693 0.9920602106840111 1.348420352480658
16 160 -0.4701805645281079 -0.4090248511340022 0.3093306579069923 0.419110041541368 0.4277961452421404 0.8325909797744503 1.1568704306308293 1.336201154484694
16 160 -0.2997164904859778 -0.27763106022760586 0.30310663936650895 0.6055682805641048 0.5080042022281179 0.8310262138114383 1.093309929085013 1.3623511153300103
17 170 -0.24124111753746957 -0.23878797878724237 0.4299524274902246 0.4502850103305346 0.4399455080554289 0.9799687500638838 1.1528316107308405 1.231701455767514
18 180 -0.38133789041597166 -0.229349358254548 0.2804280454206699 0.4514952611863164 0.6851357539530698 0.853327656910693 0.9920602106840111 1.348420352480658
17 170 -0.4356159892030961 -0.36510357382615977 0.5574609900096844 0.602609297902126 0.520412932213784 0.6745977451337631 1.0967553118360818 1.4391720009103965
18 180 -0.24124111753746957 -0.23878797878724237 0.4299524274902246 0.4502850103305346 0.4399455080554289 0.9799687500638838 1.1528316107308405 1.231701455767514
19 190 -0.38133789041597166 -0.229349358254548 0.2804280454206699 0.4514952611863164 0.6851357539530698 0.853327656910693 0.9920602106840111 1.348420352480658
18 180 -0.4356159892030961 -0.36510357382615977 0.5574609900096844 0.602609297902126 0.520412932213784 0.6745977451337631 1.0967553118360818 1.4391720009103965
19 190 -0.24124111753746957 -0.23878797878724237 0.4299524274902246 0.4502850103305346 0.4399455080554289 0.9799687500638838 1.1528316107308405 1.231701455767514
20 200 -0.38133789041597166 -0.229349358254548 0.2804280454206699 0.4514952611863164 0.6851357539530698 0.853327656910693 0.9920602106840111 1.348420352480658
19 190 -0.4356159892030961 -0.36510357382615977 0.5574609900096844 0.602609297902126 0.520412932213784 0.6745977451337631 1.0967553118360818 1.4391720009103965
20 200 -0.24124111753746957 -0.23878797878724237 0.4299524274902246 0.4502850103305346 0.4399455080554289 0.9799687500638838 1.1528316107308405 1.231701455767514
21 210 -0.39438721278712835 -0.35864277473529527 0.24964837903504966 0.25159277233010413 0.7204188223385933 0.7623835499780244 1.1077674157212936 1.2932978759007328
20 200 -0.4356159892030961 -0.36510357382615977 0.5574609900096844 0.602609297902126 0.520412932213784 0.6745977451337631 1.0967553118360818 1.4391720009103965
21 210 -0.5030675433838567 -0.06619249091047233 0.4293911146815379 0.5352384260860445 0.4178459863603509 0.8513350211473386 1.1528067888929359 1.3310409163256265
22 220 -0.39438721278712835 -0.35864277473529527 0.24964837903504966 0.25159277233010413 0.7204188223385933 0.7623835499780244 1.1077674157212936 1.2932978759007328
21 210 -0.44585763859143673 -0.18134038641362604 0.5105444360966886 0.6785159348813223 0.506876521344071 0.694448969688704 1.0993293229368808 1.4325822351053958
22 220 -0.5030675433838567 -0.06619249091047233 0.4293911146815379 0.5352384260860445 0.4178459863603509 0.8513350211473386 1.1528067888929359 1.3310409163256265
23 230 -0.39438721278712835 -0.35864277473529527 0.24964837903504966 0.25159277233010413 0.7204188223385933 0.7623835499780244 1.1077674157212936 1.2932978759007328
22 220 -0.44585763859143673 -0.18134038641362604 0.5105444360966886 0.6785159348813223 0.506876521344071 0.694448969688704 1.0993293229368808 1.4325822351053958
23 230 -0.5030675433838567 -0.06619249091047233 0.4293911146815379 0.5352384260860445 0.4178459863603509 0.8513350211473386 1.1528067888929359 1.3310409163256265
24 240 -0.39438721278712835 -0.35864277473529527 0.24964837903504966 0.25159277233010413 0.7204188223385933 0.7623835499780244 1.1077674157212936 1.2932978759007328
23 230 -0.44585763859143673 -0.18134038641362604 0.5105444360966886 0.6785159348813223 0.506876521344071 0.694448969688704 1.0993293229368808 1.4325822351053958
24 240 -0.5030675433838567 -0.06619249091047233 0.4293911146815379 0.5352384260860445 0.4178459863603509 0.8513350211473386 1.1528067888929359 1.3310409163256265
25 250 -0.44434269610453825 -0.013046464848071801 0.27597768325236355 0.29154858590015253 0.6471192517756634 0.8754678752606299 1.1211951151670603 1.2480842067318483
24 240 -0.44585763859143673 -0.18134038641362604 0.5105444360966886 0.6785159348813223 0.506876521344071 0.694448969688704 1.0993293229368808 1.4325822351053958
25 250 -0.6298257792805231 0.014148352423127626 0.4332624085557346 0.5904618608318566 0.4446675649284512 0.6837195916632557 1.1710411317389329 1.4012355064199706
26 260 -0.44434269610453825 -0.013046464848071801 0.27597768325236355 0.29154858590015253 0.6471192517756634 0.8754678752606299 1.1211951151670603 1.2480842067318483
25 250 -0.3404960096127761 -0.24087311360787422 0.3856584910323958 0.7715792430035902 0.4290117274991726 0.7966265813845338 1.0651445807096749 1.4306648977606804
26 260 -0.6298257792805231 0.014148352423127626 0.4332624085557346 0.5904618608318566 0.4446675649284512 0.6837195916632557 1.1710411317389329 1.4012355064199706
27 270 -0.44434269610453825 -0.013046464848071801 0.27597768325236355 0.29154858590015253 0.6471192517756634 0.8754678752606299 1.1211951151670603 1.2480842067318483
26 260 -0.3404960096127761 -0.24087311360787422 0.3856584910323958 0.7715792430035902 0.4290117274991726 0.7966265813845338 1.0651445807096749 1.4306648977606804
27 270 -0.6298257792805231 0.014148352423127626 0.4332624085557346 0.5904618608318566 0.4446675649284512 0.6837195916632557 1.1710411317389329 1.4012355064199706
28 280 -0.44434269610453825 -0.013046464848071801 0.27597768325236355 0.29154858590015253 0.6471192517756634 0.8754678752606299 1.1211951151670603 1.2480842067318483
27 270 -0.3404960096127761 -0.24087311360787422 0.3856584910323958 0.7715792430035902 0.4290117274991726 0.7966265813845338 1.0651445807096749 1.4306648977606804
28 280 -0.6298257792805231 0.014148352423127626 0.4332624085557346 0.5904618608318566 0.4446675649284512 0.6837195916632557 1.1710411317389329 1.4012355064199706
29 290 -0.4713756339798823 -0.16146162719790919 0.2376280271081486 0.5412713220445495 0.5734140635469364 0.7460933728656806 1.194354707921427 1.299252793862082
28 280 -0.3404960096127761 -0.24087311360787422 0.3856584910323958 0.7715792430035902 0.4290117274991726 0.7966265813845338 1.0651445807096749 1.4306648977606804
29 290 -0.6890837092391516 -0.025659543884437745 0.37019253437958477 0.7184508565556651 0.4592147524688702 0.4908756873951316 1.2848919038847355 1.3773945208148501
30 300 -0.4713756339798823 -0.16146162719790919 0.2376280271081486 0.5412713220445495 0.5734140635469364 0.7460933728656806 1.194354707921427 1.299252793862082
29 290 -0.24634194580778906 -0.17926540949935332 0.4368851696411191 0.6801807904067925 0.47833951422561855 0.7762280384873446 1.1704672488190404 1.3411441983763255
30 300 -0.6890837092391516 -0.025659543884437745 0.37019253437958477 0.7184508565556651 0.4592147524688702 0.4908756873951316 1.2848919038847355 1.3773945208148501
31 310 -0.4713756339798823 -0.16146162719790919 0.2376280271081486 0.5412713220445495 0.5734140635469364 0.7460933728656806 1.194354707921427 1.299252793862082
30 300 -0.24634194580778906 -0.17926540949935332 0.4368851696411191 0.6801807904067925 0.47833951422561855 0.7762280384873446 1.1704672488190404 1.3411441983763255
31 310 -0.6890837092391516 -0.025659543884437745 0.37019253437958477 0.7184508565556651 0.4592147524688702 0.4908756873951316 1.2848919038847355 1.3773945208148501
32 320 -0.4713756339798823 -0.16146162719790919 0.2376280271081486 0.5412713220445495 0.5734140635469364 0.7460933728656806 1.194354707921427 1.299252793862082
31 310 -0.24634194580778906 -0.17926540949935332 0.4368851696411191 0.6801807904067925 0.47833951422561855 0.7762280384873446 1.1704672488190404 1.3411441983763255
32 320 -0.6890837092391516 -0.025659543884437745 0.37019253437958477 0.7184508565556651 0.4592147524688702 0.4908756873951316 1.2848919038847355 1.3773945208148501
33 330 -0.6187147079120496 -0.20157323135193503 0.18749461605530435 0.5211603761716268 0.5434182592440201 0.6998619162461648 1.22121651124264 1.3128290545142578
32 320 -0.24634194580778906 -0.17926540949935332 0.4368851696411191 0.6801807904067925 0.47833951422561855 0.7762280384873446 1.1704672488190404 1.3411441983763255
33 330 -0.7707779386351424 -0.06947636512496091 0.32259107139098026 0.6707187821712317 0.3944567128010619 0.5423578723249991 1.2835819156771384 1.3793727943525234
34 340 -0.6187147079120496 -0.20157323135193503 0.18749461605530435 0.5211603761716268 0.5434182592440201 0.6998619162461648 1.22121651124264 1.3128290545142578
33 330 -0.3243225130998106 -0.2512457387558894 0.4383255376293316 0.5775534490297676 0.5645470438585893 0.7537144385872674 1.0965969153834296 1.38227218213605
34 340 -0.7707779386351424 -0.06947636512496091 0.32259107139098026 0.6707187821712317 0.3944567128010619 0.5423578723249991 1.2835819156771384 1.3793727943525234
35 350 -0.6187147079120496 -0.20157323135193503 0.18749461605530435 0.5211603761716268 0.5434182592440201 0.6998619162461648 1.22121651124264 1.3128290545142578
34 340 -0.3243225130998106 -0.2512457387558894 0.4383255376293316 0.5775534490297676 0.5645470438585893 0.7537144385872674 1.0965969153834296 1.38227218213605
35 350 -0.7707779386351424 -0.06947636512496091 0.32259107139098026 0.6707187821712317 0.3944567128010619 0.5423578723249991 1.2835819156771384 1.3793727943525234
36 360 -0.6187147079120496 -0.20157323135193503 0.18749461605530435 0.5211603761716268 0.5434182592440201 0.6998619162461648 1.22121651124264 1.3128290545142578
35 350 -0.3243225130998106 -0.2512457387558894 0.4383255376293316 0.5775534490297676 0.5645470438585893 0.7537144385872674 1.0965969153834296 1.38227218213605
36 360 -0.7707779386351424 -0.06947636512496091 0.32259107139098026 0.6707187821712317 0.3944567128010619 0.5423578723249991 1.2835819156771384 1.3793727943525234
37 370 -0.6922617446774977 -0.1961054864166794 0.34875046580495284 0.7384578970987306 0.42823119699937684 0.548073155146404 1.2245394279790838 1.420118673861099
36 360 -0.3243225130998106 -0.2512457387558894 0.4383255376293316 0.5775534490297676 0.5645470438585893 0.7537144385872674 1.0965969153834296 1.38227218213605
37 370 -0.8146251194253414 -0.07426983369221371 0.21960460213353789 0.6318200103894305 0.389733550527927 0.5916794874685963 1.2720137064780204 1.371132478732031
38 380 -0.6922617446774977 -0.1961054864166794 0.34875046580495284 0.7384578970987306 0.42823119699937684 0.548073155146404 1.2245394279790838 1.420118673861099
37 370 -0.19741397747712414 -0.12320643383759716 0.6390103472496349 0.6692606692815555 0.4652077177805015 0.6268375193927634 1.2793450286995096 1.3243612804445903
38 380 -0.8146251194253414 -0.07426983369221371 0.21960460213353789 0.6318200103894305 0.389733550527927 0.5916794874685963 1.2720137064780204 1.371132478732031
39 390 -0.6922617446774977 -0.1961054864166794 0.34875046580495284 0.7384578970987306 0.42823119699937684 0.548073155146404 1.2245394279790838 1.420118673861099
38 380 -0.19741397747712414 -0.12320643383759716 0.6390103472496349 0.6692606692815555 0.4652077177805015 0.6268375193927634 1.2793450286995096 1.3243612804445903
39 390 -0.8146251194253414 -0.07426983369221371 0.21960460213353789 0.6318200103894305 0.389733550527927 0.5916794874685963 1.2720137064780204 1.371132478732031
40 400 -0.6922617446774977 -0.1961054864166794 0.34875046580495284 0.7384578970987306 0.42823119699937684 0.548073155146404 1.2245394279790838 1.420118673861099
39 390 -0.19741397747712414 -0.12320643383759716 0.6390103472496349 0.6692606692815555 0.4652077177805015 0.6268375193927634 1.2793450286995096 1.3243612804445903
40 400 -0.8146251194253414 -0.07426983369221371 0.21960460213353789 0.6318200103894305 0.389733550527927 0.5916794874685963 1.2720137064780204 1.371132478732031
41 410 -0.630859488828327 -0.22317616774547705 0.3054260670071729 0.7913139412449031 0.4065494469813693 0.6024738142757567 1.2015704467617736 1.4240685769090884
40 400 -0.19741397747712414 -0.12320643383759716 0.6390103472496349 0.6692606692815555 0.4652077177805015 0.6268375193927634 1.2793450286995096 1.3243612804445903
41 410 -0.8574754517354806 -0.13640451219602662 0.2523133313103717 0.6732170950219358 0.36578185667988716 0.5306766328102417 1.2762865380575683 1.3984557974730647
42 420 -0.630859488828327 -0.22317616774547705 0.3054260670071729 0.7913139412449031 0.4065494469813693 0.6024738142757567 1.2015704467617736 1.4240685769090884
41 410 -0.3913136584758193 -0.1270411264069486 0.6217198188334921 0.741156913276883 0.4550195617809965 0.48766288669410884 1.2883459478874908 1.3767014294681623
42 420 -0.8574754517354806 -0.13640451219602662 0.2523133313103717 0.6732170950219358 0.36578185667988716 0.5306766328102417 1.2762865380575683 1.3984557974730647
43 430 -0.630859488828327 -0.22317616774547705 0.3054260670071729 0.7913139412449031 0.4065494469813693 0.6024738142757567 1.2015704467617736 1.4240685769090884
42 420 -0.3913136584758193 -0.1270411264069486 0.6217198188334921 0.741156913276883 0.4550195617809965 0.48766288669410884 1.2883459478874908 1.3767014294681623
43 430 -0.8574754517354806 -0.13640451219602662 0.2523133313103717 0.6732170950219358 0.36578185667988716 0.5306766328102417 1.2762865380575683 1.3984557974730647
44 440 -0.630859488828327 -0.22317616774547705 0.3054260670071729 0.7913139412449031 0.4065494469813693 0.6024738142757567 1.2015704467617736 1.4240685769090884
43 430 -0.3913136584758193 -0.1270411264069486 0.6217198188334921 0.741156913276883 0.4550195617809965 0.48766288669410884 1.2883459478874908 1.3767014294681623
44 440 -0.8574754517354806 -0.13640451219602662 0.2523133313103717 0.6732170950219358 0.36578185667988716 0.5306766328102417 1.2762865380575683 1.3984557974730647
45 450 -0.7656961109438145 -0.033499871105984506 0.4406798171176411 0.8389255543991001 0.34486040382926375 0.364800802419595 1.2812899779369638 1.4513055050067964
44 440 -0.3913136584758193 -0.1270411264069486 0.6217198188334921 0.741156913276883 0.4550195617809965 0.48766288669410884 1.2883459478874908 1.3767014294681623
45 450 -0.8096152146118418 -0.25588951713246166 0.5499258587229858 0.7871935836643041 0.34711790196128295 0.4085734225650621 1.1537043129801163 1.5432249605039916
46 460 -0.7656961109438145 -0.033499871105984506 0.4406798171176411 0.8389255543991001 0.34486040382926375 0.364800802419595 1.2812899779369638 1.4513055050067964
45 450 -0.6284282354286677 -0.4516323303874108 0.640186070401668 0.741429767406026 0.4375892690805498 0.46825176969863935 1.1001804336015841 1.5423549932748533
46 460 -0.8096152146118418 -0.25588951713246166 0.5499258587229858 0.7871935836643041 0.34711790196128295 0.4085734225650621 1.1537043129801163 1.5432249605039916
47 470 -0.7656961109438145 -0.033499871105984506 0.4406798171176411 0.8389255543991001 0.34486040382926375 0.364800802419595 1.2812899779369638 1.4513055050067964
46 460 -0.6284282354286677 -0.4516323303874108 0.640186070401668 0.741429767406026 0.4375892690805498 0.46825176969863935 1.1001804336015841 1.5423549932748533
47 470 -0.8096152146118418 -0.25588951713246166 0.5499258587229858 0.7871935836643041 0.34711790196128295 0.4085734225650621 1.1537043129801163 1.5432249605039916
48 480 -0.7656961109438145 -0.033499871105984506 0.4406798171176411 0.8389255543991001 0.34486040382926375 0.364800802419595 1.2812899779369638 1.4513055050067964
47 470 -0.6284282354286677 -0.4516323303874108 0.640186070401668 0.741429767406026 0.4375892690805498 0.46825176969863935 1.1001804336015841 1.5423549932748533
48 480 -0.8096152146118418 -0.25588951713246166 0.5499258587229858 0.7871935836643041 0.34711790196128295 0.4085734225650621 1.1537043129801163 1.5432249605039916
49 490 -0.6811241558434615 0.009600550023721446 0.5371649782866317 0.803582749176916 0.29954831060892545 0.38572059305039097 1.3141282440997606 1.426379119227239
48 480 -0.6284282354286677 -0.4516323303874108 0.640186070401668 0.741429767406026 0.4375892690805498 0.46825176969863935 1.1001804336015841 1.5423549932748533
49 490 -0.7388026902414866 -0.07015025172431583 0.5279595911701991 0.8294205416131113 0.34920877014308155 0.4012521931182067 1.178062092552387 1.5261781083687702
50 500 -0.6811241558434615 0.009600550023721446 0.5371649782866317 0.803582749176916 0.29954831060892545 0.38572059305039097 1.3141282440997606 1.426379119227239
49 490 -0.5591063030020385 -0.3763647176274031 0.5623126869825236 0.8102471967747447 0.39955169321471923 0.5584678080269175 1.1166357527283137 1.510495530471949
50 500 -0.7388026902414866 -0.07015025172431583 0.5279595911701991 0.8294205416131113 0.34920877014308155 0.4012521931182067 1.178062092552387 1.5261781083687702
51 510 -0.6811241558434615 0.009600550023721446 0.5371649782866317 0.803582749176916 0.29954831060892545 0.38572059305039097 1.3141282440997606 1.426379119227239
50 500 -0.5591063030020385 -0.3763647176274031 0.5623126869825236 0.8102471967747447 0.39955169321471923 0.5584678080269175 1.1166357527283137 1.510495530471949
51 510 -0.7388026902414866 -0.07015025172431583 0.5279595911701991 0.8294205416131113 0.34920877014308155 0.4012521931182067 1.178062092552387 1.5261781083687702
52 520 -0.6811241558434615 0.009600550023721446 0.5371649782866317 0.803582749176916 0.29954831060892545 0.38572059305039097 1.3141282440997606 1.426379119227239
51 510 -0.5591063030020385 -0.3763647176274031 0.5623126869825236 0.8102471967747447 0.39955169321471923 0.5584678080269175 1.1166357527283137 1.510495530471949
52 520 -0.7388026902414866 -0.07015025172431583 0.5279595911701991 0.8294205416131113 0.34920877014308155 0.4012521931182067 1.178062092552387 1.5261781083687702
53 530 -0.8165885348251558 -0.2984828924712175 0.634759596361392 0.7333190020858105 0.26104493499441017 0.3718911438523412 1.2303963047324977 1.5098600770728976
52 520 -0.5591063030020385 -0.3763647176274031 0.5623126869825236 0.8102471967747447 0.39955169321471923 0.5584678080269175 1.1166357527283137 1.510495530471949
53 530 -0.5291064389228226 0.13286141295729237 0.6816763370168055 0.931781776029803 0.24166348900404322 0.2961727681199713 1.1655501929906424 1.5796750289619772
54 540 -0.8165885348251558 -0.2984828924712175 0.634759596361392 0.7333190020858105 0.26104493499441017 0.3718911438523412 1.2303963047324977 1.5098600770728976
53 530 -0.4892299791490873 -0.24532437311501665 0.7930077883763604 0.816521997469542 0.32637898249053654 0.40598158694402403 1.2224066515283456 1.4947834923995218
54 540 -0.5291064389228226 0.13286141295729237 0.6816763370168055 0.931781776029803 0.24166348900404322 0.2961727681199713 1.1655501929906424 1.5796750289619772
55 550 -0.8165885348251558 -0.2984828924712175 0.634759596361392 0.7333190020858105 0.26104493499441017 0.3718911438523412 1.2303963047324977 1.5098600770728976
54 540 -0.4892299791490873 -0.24532437311501665 0.7930077883763604 0.816521997469542 0.32637898249053654 0.40598158694402403 1.2224066515283456 1.4947834923995218
55 550 -0.5291064389228226 0.13286141295729237 0.6816763370168055 0.931781776029803 0.24166348900404322 0.2961727681199713 1.1655501929906424 1.5796750289619772
56 560 -0.8165885348251558 -0.2984828924712175 0.634759596361392 0.7333190020858105 0.26104493499441017 0.3718911438523412 1.2303963047324977 1.5098600770728976
55 550 -0.4892299791490873 -0.24532437311501665 0.7930077883763604 0.816521997469542 0.32637898249053654 0.40598158694402403 1.2224066515283456 1.4947834923995218
56 560 -0.5291064389228226 0.13286141295729237 0.6816763370168055 0.931781776029803 0.24166348900404322 0.2961727681199713 1.1655501929906424 1.5796750289619772
57 570 -0.8287761271257997 -0.34844138182052636 0.6687683464246676 0.6864660039174892 0.26279973576828364 0.34033973568140813 1.229288217894158 1.5178786646313447
56 560 -0.4892299791490873 -0.24532437311501665 0.7930077883763604 0.816521997469542 0.32637898249053654 0.40598158694402403 1.2224066515283456 1.4947834923995218
57 570 -0.3134336764522939 0.3619524984410709 0.7048093439622711 0.9540456198629547 0.19700238066537204 0.2444757460867881 1.1385439774472612 1.6140443869379966
58 580 -0.8287761271257997 -0.34844138182052636 0.6687683464246676 0.6864660039174892 0.26279973576828364 0.34033973568140813 1.229288217894158 1.5178786646313447
57 570 -0.44452651962326745 -0.14477788448285936 0.7101612386484146 0.787660411117652 0.34338474910379524 0.4983059421054193 1.265431171493047 1.4256444340574859
58 580 -0.3134336764522939 0.3619524984410709 0.7048093439622711 0.9540456198629547 0.19700238066537204 0.2444757460867881 1.1385439774472612 1.6140443869379966
59 590 -0.8287761271257997 -0.34844138182052636 0.6687683464246676 0.6864660039174892 0.26279973576828364 0.34033973568140813 1.229288217894158 1.5178786646313447
58 580 -0.44452651962326745 -0.14477788448285936 0.7101612386484146 0.787660411117652 0.34338474910379524 0.4983059421054193 1.265431171493047 1.4256444340574859
59 590 -0.3134336764522939 0.3619524984410709 0.7048093439622711 0.9540456198629547 0.19700238066537204 0.2444757460867881 1.1385439774472612 1.6140443869379966
60 600 -0.8287761271257997 -0.34844138182052636 0.6687683464246676 0.6864660039174892 0.26279973576828364 0.34033973568140813 1.229288217894158 1.5178786646313447
59 590 -0.44452651962326745 -0.14477788448285936 0.7101612386484146 0.787660411117652 0.34338474910379524 0.4983059421054193 1.265431171493047 1.4256444340574859
60 600 -0.3134336764522939 0.3619524984410709 0.7048093439622711 0.9540456198629547 0.19700238066537204 0.2444757460867881 1.1385439774472612 1.6140443869379966
61 610 -0.8218196999405318 -0.38047698180231226 0.5885039339444191 0.6052818996953049 0.22057115948092557 0.3678853383004967 1.26077500912759 1.492131065901415
60 600 -0.44452651962326745 -0.14477788448285936 0.7101612386484146 0.787660411117652 0.34338474910379524 0.4983059421054193 1.265431171493047 1.4256444340574859
61 610 -0.40578904924352777 0.3412452997203479 0.6453370095295174 0.9490804547306775 0.20439171128868386 0.26208217208028517 1.1792704193895809 1.5807777330753634
62 620 -0.8218196999405318 -0.38047698180231226 0.5885039339444191 0.6052818996953049 0.22057115948092557 0.3678853383004967 1.26077500912759 1.492131065901415
61 610 -0.5646045865868636 -0.41213822902937836 0.7082669407434881 0.8123656767539476 0.3207795435375005 0.4099075656633587 1.2009479708834758 1.5122169960989973
62 620 -0.40578904924352777 0.3412452997203479 0.6453370095295174 0.9490804547306775 0.20439171128868386 0.26208217208028517 1.1792704193895809 1.5807777330753634
63 630 -0.8218196999405318 -0.38047698180231226 0.5885039339444191 0.6052818996953049 0.22057115948092557 0.3678853383004967 1.26077500912759 1.492131065901415
62 620 -0.5646045865868636 -0.41213822902937836 0.7082669407434881 0.8123656767539476 0.3207795435375005 0.4099075656633587 1.2009479708834758 1.5122169960989973
63 630 -0.40578904924352777 0.3412452997203479 0.6453370095295174 0.9490804547306775 0.20439171128868386 0.26208217208028517 1.1792704193895809 1.5807777330753634
64 640 -0.8218196999405318 -0.38047698180231226 0.5885039339444191 0.6052818996953049 0.22057115948092557 0.3678853383004967 1.26077500912759 1.492131065901415
63 630 -0.5646045865868636 -0.41213822902937836 0.7082669407434881 0.8123656767539476 0.3207795435375005 0.4099075656633587 1.2009479708834758 1.5122169960989973
64 640 -0.40578904924352777 0.3412452997203479 0.6453370095295174 0.9490804547306775 0.20439171128868386 0.26208217208028517 1.1792704193895809 1.5807777330753634
65 650 -0.9321884684758655 -0.7695833019483684 0.6617450280438792 0.8395405272201646 0.22161687705871203 0.24135261821034412 0.9978961940001951 1.7020100056949372
64 640 -0.5646045865868636 -0.41213822902937836 0.7082669407434881 0.8123656767539476 0.3207795435375005 0.4099075656633587 1.2009479708834758 1.5122169960989973
65 650 -0.20335566044027947 0.33247587781859445 0.7397786174967091 0.9518718502550203 0.19851341068299427 0.31823423406140444 1.0825582809060283 1.6393251558163013
66 660 -0.9321884684758655 -0.7695833019483684 0.6617450280438792 0.8395405272201646 0.22161687705871203 0.24135261821034412 0.9978961940001951 1.7020100056949372
65 650 -0.40854623493025727 -0.31261155112638433 0.636398575385754 0.9086080048696041 0.2918649632291403 0.3172836087397564 1.2808371297529038 1.4743141462763876
66 660 -0.20335566044027947 0.33247587781859445 0.7397786174967091 0.9518718502550203 0.19851341068299427 0.31823423406140444 1.0825582809060283 1.6393251558163013
67 670 -0.9321884684758655 -0.7695833019483684 0.6617450280438792 0.8395405272201646 0.22161687705871203 0.24135261821034412 0.9978961940001951 1.7020100056949372
66 660 -0.40854623493025727 -0.31261155112638433 0.636398575385754 0.9086080048696041 0.2918649632291403 0.3172836087397564 1.2808371297529038 1.4743141462763876
67 670 -0.20335566044027947 0.33247587781859445 0.7397786174967091 0.9518718502550203 0.19851341068299427 0.31823423406140444 1.0825582809060283 1.6393251558163013
68 680 -0.9321884684758655 -0.7695833019483684 0.6617450280438792 0.8395405272201646 0.22161687705871203 0.24135261821034412 0.9978961940001951 1.7020100056949372
67 670 -0.40854623493025727 -0.31261155112638433 0.636398575385754 0.9086080048696041 0.2918649632291403 0.3172836087397564 1.2808371297529038 1.4743141462763876
68 680 -0.20335566044027947 0.33247587781859445 0.7397786174967091 0.9518718502550203 0.19851341068299427 0.31823423406140444 1.0825582809060283 1.6393251558163013
69 690 -0.9212208202213681 -0.6868708852430627 0.44833216924941066 0.765768220154033 0.22884809057906147 0.2652662279756381 1.1357683803824261 1.608506315143766
68 680 -0.40854623493025727 -0.31261155112638433 0.636398575385754 0.9086080048696041 0.2918649632291403 0.3172836087397564 1.2808371297529038 1.4743141462763876
69 690 -0.3570577484934164 0.2844710980167966 0.6778853803011746 0.9299786776890551 0.2569677680499206 0.30811640250442335 1.1385791823399132 1.5945749572326005
70 700 -0.9212208202213681 -0.6868708852430627 0.44833216924941066 0.765768220154033 0.22884809057906147 0.2652662279756381 1.1357683803824261 1.608506315143766
69 690 -0.477265275587168 -0.40443494838143224 0.6190123934496516 0.9335728183996741 0.24639038628967744 0.26075409292372914 1.162737762817432 1.5872428848433564
70 700 -0.3570577484934164 0.2844710980167966 0.6778853803011746 0.9299786776890551 0.2569677680499206 0.30811640250442335 1.1385791823399132 1.5945749572326005
71 710 -0.9212208202213681 -0.6868708852430627 0.44833216924941066 0.765768220154033 0.22884809057906147 0.2652662279756381 1.1357683803824261 1.608506315143766
70 700 -0.477265275587168 -0.40443494838143224 0.6190123934496516 0.9335728183996741 0.24639038628967744 0.26075409292372914 1.162737762817432 1.5872428848433564
71 710 -0.3570577484934164 0.2844710980167966 0.6778853803011746 0.9299786776890551 0.2569677680499206 0.30811640250442335 1.1385791823399132 1.5945749572326005
72 720 -0.9212208202213681 -0.6868708852430627 0.44833216924941066 0.765768220154033 0.22884809057906147 0.2652662279756381 1.1357683803824261 1.608506315143766
71 710 -0.477265275587168 -0.40443494838143224 0.6190123934496516 0.9335728183996741 0.24639038628967744 0.26075409292372914 1.162737762817432 1.5872428848433564
72 720 -0.3570577484934164 0.2844710980167966 0.6778853803011746 0.9299786776890551 0.2569677680499206 0.30811640250442335 1.1385791823399132 1.5945749572326005
73 730 -0.9039408576675609 -0.7221103814287807 0.3602725429067123 0.773307511856258 0.20459227610375857 0.3035900816486357 1.1139630920469565 1.6202040897493262
72 720 -0.477265275587168 -0.40443494838143224 0.6190123934496516 0.9335728183996741 0.24639038628967744 0.26075409292372914 1.162737762817432 1.5872428848433564
73 730 -0.44001859795565323 0.07682013678360093 0.7503205619464708 0.9296197702660003 0.2559195156753207 0.3127951787639901 1.1119551153080125 1.6125198290808265
74 740 -0.9039408576675609 -0.7221103814287807 0.3602725429067123 0.773307511856258 0.20459227610375857 0.3035900816486357 1.1139630920469565 1.6202040897493262
73 730 -0.3873708157500706 -0.3083618904159326 0.6882469720069003 0.9382600748375138 0.213892701037755 0.2914438821857024 1.137205051236308 1.6050155910214472
74 740 -0.44001859795565323 0.07682013678360093 0.7503205619464708 0.9296197702660003 0.2559195156753207 0.3127951787639901 1.1119551153080125 1.6125198290808265
75 750 -0.9039408576675609 -0.7221103814287807 0.3602725429067123 0.773307511856258 0.20459227610375857 0.3035900816486357 1.1139630920469565 1.6202040897493262
74 740 -0.3873708157500706 -0.3083618904159326 0.6882469720069003 0.9382600748375138 0.213892701037755 0.2914438821857024 1.137205051236308 1.6050155910214472
75 750 -0.44001859795565323 0.07682013678360093 0.7503205619464708 0.9296197702660003 0.2559195156753207 0.3127951787639901 1.1119551153080125 1.6125198290808265
76 760 -0.9039408576675609 -0.7221103814287807 0.3602725429067123 0.773307511856258 0.20459227610375857 0.3035900816486357 1.1139630920469565 1.6202040897493262
75 750 -0.3873708157500706 -0.3083618904159326 0.6882469720069003 0.9382600748375138 0.213892701037755 0.2914438821857024 1.137205051236308 1.6050155910214472
76 760 -0.44001859795565323 0.07682013678360093 0.7503205619464708 0.9296197702660003 0.2559195156753207 0.3127951787639901 1.1119551153080125 1.6125198290808265
77 770 -0.9061514980735332 -0.6036892860752255 0.4195436708138105 0.623177967062247 0.25864292411004036 0.31607712848395775 1.1722209295303898 1.5681508789105894
76 760 -0.3873708157500706 -0.3083618904159326 0.6882469720069003 0.9382600748375138 0.213892701037755 0.2914438821857024 1.137205051236308 1.6050155910214472
77 770 -0.2484768935005806 0.43352029092411315 0.6752709457570583 0.9406959984296983 0.2386460400869008 0.2912509892762072 1.109921227116919 1.6205850173291576
78 780 -0.9061514980735332 -0.6036892860752255 0.4195436708138105 0.623177967062247 0.25864292411004036 0.31607712848395775 1.1722209295303898 1.5681508789105894
77 770 -0.38519552400957124 -0.3287948654558937 0.6648039231588034 0.9210503624936731 0.2423529813208586 0.31490336986534695 1.1356439947919386 1.5976274963787236
78 780 -0.2484768935005806 0.43352029092411315 0.6752709457570583 0.9406959984296983 0.2386460400869008 0.2912509892762072 1.109921227116919 1.6205850173291576
79 790 -0.9061514980735332 -0.6036892860752255 0.4195436708138105 0.623177967062247 0.25864292411004036 0.31607712848395775 1.1722209295303898 1.5681508789105894
78 780 -0.38519552400957124 -0.3287948654558937 0.6648039231588034 0.9210503624936731 0.2423529813208586 0.31490336986534695 1.1356439947919386 1.5976274963787236
79 790 -0.2484768935005806 0.43352029092411315 0.6752709457570583 0.9406959984296983 0.2386460400869008 0.2912509892762072 1.109921227116919 1.6205850173291576
80 800 -0.9061514980735332 -0.6036892860752255 0.4195436708138105 0.623177967062247 0.25864292411004036 0.31607712848395775 1.1722209295303898 1.5681508789105894
79 790 -0.38519552400957124 -0.3287948654558937 0.6648039231588034 0.9210503624936731 0.2423529813208586 0.31490336986534695 1.1356439947919386 1.5976274963787236
80 800 -0.2484768935005806 0.43352029092411315 0.6752709457570583 0.9406959984296983 0.2386460400869008 0.2912509892762072 1.109921227116919 1.6205850173291576
81 810 -0.9083343284674003 -0.49162916048027 0.4475756216808525 0.45628838823982987 0.24267662006310786 0.37834073139809543 1.1981900281251487 1.5369798325096382
80 800 -0.38519552400957124 -0.3287948654558937 0.6648039231588034 0.9210503624936731 0.2423529813208586 0.31490336986534695 1.1356439947919386 1.5976274963787236
81 810 -0.4469470307452278 0.33900090162499497 0.5883317966897608 0.9275913532353923 0.25307238731192916 0.3107808233352732 1.1908157434523066 1.5560615385560501
82 820 -0.9083343284674003 -0.49162916048027 0.4475756216808525 0.45628838823982987 0.24267662006310786 0.37834073139809543 1.1981900281251487 1.5369798325096382
81 810 -0.21699387514481994 -0.19304178347301548 0.5831614761565471 0.9351832663031991 0.22838198578438612 0.37395632794177575 1.2186347514211822 1.5241153748946028
82 820 -0.4469470307452278 0.33900090162499497 0.5883317966897608 0.9275913532353923 0.25307238731192916 0.3107808233352732 1.1908157434523066 1.5560615385560501
83 830 -0.9083343284674003 -0.49162916048027 0.4475756216808525 0.45628838823982987 0.24267662006310786 0.37834073139809543 1.1981900281251487 1.5369798325096382
82 820 -0.21699387514481994 -0.19304178347301548 0.5831614761565471 0.9351832663031991 0.22838198578438612 0.37395632794177575 1.2186347514211822 1.5241153748946028
83 830 -0.4469470307452278 0.33900090162499497 0.5883317966897608 0.9275913532353923 0.25307238731192916 0.3107808233352732 1.1908157434523066 1.5560615385560501
84 840 -0.9083343284674003 -0.49162916048027 0.4475756216808525 0.45628838823982987 0.24267662006310786 0.37834073139809543 1.1981900281251487 1.5369798325096382
83 830 -0.21699387514481994 -0.19304178347301548 0.5831614761565471 0.9351832663031991 0.22838198578438612 0.37395632794177575 1.2186347514211822 1.5241153748946028
84 840 -0.4469470307452278 0.33900090162499497 0.5883317966897608 0.9275913532353923 0.25307238731192916 0.3107808233352732 1.1908157434523066 1.5560615385560501
85 850 -0.9195377059065084 -0.6141053544328984 0.5069242528932535 0.637601775632348 0.2180141683986712 0.3211463984419371 1.2064502844220717 1.547195050523078
84 840 -0.21699387514481994 -0.19304178347301548 0.5831614761565471 0.9351832663031991 0.22838198578438612 0.37395632794177575 1.2186347514211822 1.5241153748946028
85 850 -0.41921026130224665 0.12750498445089797 0.7292115391661008 0.9447298263249813 0.222008846818914 0.3348321767922645 1.112935821601006 1.6124432834416171
86 860 -0.9195377059065084 -0.6141053544328984 0.5069242528932535 0.637601775632348 0.2180141683986712 0.3211463984419371 1.2064502844220717 1.547195050523078
85 850 -0.2911483486995572 -0.1695698771506205 0.636696641529267 0.8884835618295609 0.18139832645730009 0.37825985553199204 1.2454711605307534 1.5075860562958212
86 860 -0.41921026130224665 0.12750498445089797 0.7292115391661008 0.9447298263249813 0.222008846818914 0.3348321767922645 1.112935821601006 1.6124432834416171
87 870 -0.9195377059065084 -0.6141053544328984 0.5069242528932535 0.637601775632348 0.2180141683986712 0.3211463984419371 1.2064502844220717 1.547195050523078
86 860 -0.2911483486995572 -0.1695698771506205 0.636696641529267 0.8884835618295609 0.18139832645730009 0.37825985553199204 1.2454711605307534 1.5075860562958212
87 870 -0.41921026130224665 0.12750498445089797 0.7292115391661008 0.9447298263249813 0.222008846818914 0.3348321767922645 1.112935821601006 1.6124432834416171
88 880 -0.9195377059065084 -0.6141053544328984 0.5069242528932535 0.637601775632348 0.2180141683986712 0.3211463984419371 1.2064502844220717 1.547195050523078
87 870 -0.2911483486995572 -0.1695698771506205 0.636696641529267 0.8884835618295609 0.18139832645730009 0.37825985553199204 1.2454711605307534 1.5075860562958212
88 880 -0.41921026130224665 0.12750498445089797 0.7292115391661008 0.9447298263249813 0.222008846818914 0.3348321767922645 1.112935821601006 1.6124432834416171
89 890 -0.9188093000355126 -0.5868055287319103 0.5854492852068165 0.6963297081156229 0.26941038632789677 0.29777278229926996 1.1610138475651581 1.5782256681547016
88 880 -0.2911483486995572 -0.1695698771506205 0.636696641529267 0.8884835618295609 0.18139832645730009 0.37825985553199204 1.2454711605307534 1.5075860562958212
89 890 -0.6073135250757722 0.07027867810625568 0.6721278396965763 0.9376694301249531 0.19896807932528932 0.302614252424887 1.1522457816800642 1.5941035023609447
90 900 -0.9188093000355126 -0.5868055287319103 0.5854492852068165 0.6963297081156229 0.26941038632789677 0.29777278229926996 1.1610138475651581 1.5782256681547016
89 890 -0.503817412530466 -0.3905713143573336 0.7571274064609603 0.878234694169554 0.17806079520704743 0.3953049411177358 1.2447537905380275 1.504199573753214
90 900 -0.6073135250757722 0.07027867810625568 0.6721278396965763 0.9376694301249531 0.19896807932528932 0.302614252424887 1.1522457816800642 1.5941035023609447
91 910 -0.9188093000355126 -0.5868055287319103 0.5854492852068165 0.6963297081156229 0.26941038632789677 0.29777278229926996 1.1610138475651581 1.5782256681547016
90 900 -0.503817412530466 -0.3905713143573336 0.7571274064609603 0.878234694169554 0.17806079520704743 0.3953049411177358 1.2447537905380275 1.504199573753214
91 910 -0.6073135250757722 0.07027867810625568 0.6721278396965763 0.9376694301249531 0.19896807932528932 0.302614252424887 1.1522457816800642 1.5941035023609447
92 920 -0.9188093000355126 -0.5868055287319103 0.5854492852068165 0.6963297081156229 0.26941038632789677 0.29777278229926996 1.1610138475651581 1.5782256681547016
91 910 -0.503817412530466 -0.3905713143573336 0.7571274064609603 0.878234694169554 0.17806079520704743 0.3953049411177358 1.2447537905380275 1.504199573753214
92 920 -0.6073135250757722 0.07027867810625568 0.6721278396965763 0.9376694301249531 0.19896807932528932 0.302614252424887 1.1522457816800642 1.5941035023609447
93 930 -0.9209199437445527 -0.5499523061774805 0.4939332077980797 0.6891146474560732 0.2219445357573242 0.2871477291216066 1.2322717956456006 1.5329034628325873
92 920 -0.503817412530466 -0.3905713143573336 0.7571274064609603 0.878234694169554 0.17806079520704743 0.3953049411177358 1.2447537905380275 1.504199573753214
93 930 -0.45083553895052053 0.2010777199433461 0.683393070455536 0.933354169862895 0.222137895730584 0.32460692139558905 1.1506781859753383 1.5878365199802436
94 940 -0.9209199437445527 -0.5499523061774805 0.4939332077980797 0.6891146474560732 0.2219445357573242 0.2871477291216066 1.2322717956456006 1.5329034628325873
93 930 -0.2810182862650328 -0.22155641429408643 0.6169788990773435 0.9282624737837145 0.20786286325517445 0.3835089886227157 1.2537839527193577 1.4959076460892784
94 940 -0.45083553895052053 0.2010777199433461 0.683393070455536 0.933354169862895 0.222137895730584 0.32460692139558905 1.1506781859753383 1.5878365199802436
95 950 -0.9209199437445527 -0.5499523061774805 0.4939332077980797 0.6891146474560732 0.2219445357573242 0.2871477291216066 1.2322717956456006 1.5329034628325873
94 940 -0.2810182862650328 -0.22155641429408643 0.6169788990773435 0.9282624737837145 0.20786286325517445 0.3835089886227157 1.2537839527193577 1.4959076460892784
95 950 -0.45083553895052053 0.2010777199433461 0.683393070455536 0.933354169862895 0.222137895730584 0.32460692139558905 1.1506781859753383 1.5878365199802436
96 960 -0.9209199437445527 -0.5499523061774805 0.4939332077980797 0.6891146474560732 0.2219445357573242 0.2871477291216066 1.2322717956456006 1.5329034628325873
95 950 -0.2810182862650328 -0.22155641429408643 0.6169788990773435 0.9282624737837145 0.20786286325517445 0.3835089886227157 1.2537839527193577 1.4959076460892784
96 960 -0.45083553895052053 0.2010777199433461 0.683393070455536 0.933354169862895 0.222137895730584 0.32460692139558905 1.1506781859753383 1.5878365199802436
97 970 -0.9321213919427893 -0.6649057520304353 0.6595240208403221 0.6701896135689436 0.22052493435090498 0.3126976149782723 1.1103725806783713 1.6188457885154113
96 960 -0.2810182862650328 -0.22155641429408643 0.6169788990773435 0.9282624737837145 0.20786286325517445 0.3835089886227157 1.2537839527193577 1.4959076460892784
97 970 -0.5863258145700454 0.3463114456036211 0.4503807081890893 0.9495300554890395 0.21465881402016587 0.26625437822790216 1.2592022796216493 1.5157307869914003
98 980 -0.9321213919427893 -0.6649057520304353 0.6595240208403221 0.6701896135689436 0.22052493435090498 0.3126976149782723 1.1103725806783713 1.6188457885154113
97 970 -0.2922259285705513 -0.21918485210420094 0.6596832037623883 0.9317565641154553 0.22624731612011337 0.3848362682054912 1.2818771620164153 1.468844491470373
98 980 -0.5863258145700454 0.3463114456036211 0.4503807081890893 0.9495300554890395 0.21465881402016587 0.26625437822790216 1.2592022796216493 1.5157307869914003
99 990 -0.9321213919427893 -0.6649057520304353 0.6595240208403221 0.6701896135689436 0.22052493435090498 0.3126976149782723 1.1103725806783713 1.6188457885154113
98 980 -0.2922259285705513 -0.21918485210420094 0.6596832037623883 0.9317565641154553 0.22624731612011337 0.3848362682054912 1.2818771620164153 1.468844491470373
99 990 -0.5863258145700454 0.3463114456036211 0.4503807081890893 0.9495300554890395 0.21465881402016587 0.26625437822790216 1.2592022796216493 1.5157307869914003
100 1000 -0.9321213919427893 -0.6649057520304353 0.6595240208403221 0.6701896135689436 0.22052493435090498 0.3126976149782723 1.1103725806783713 1.6188457885154113
99 990 -0.2922259285705513 -0.21918485210420094 0.6596832037623883 0.9317565641154553 0.22624731612011337 0.3848362682054912 1.2818771620164153 1.468844491470373
100 1000 -0.5863258145700454 0.3463114456036211 0.4503807081890893 0.9495300554890395 0.21465881402016587 0.26625437822790216 1.2592022796216493 1.5157307869914003
100 1000 -0.2922259285705513 -0.21918485210420094 0.6596832037623883 0.9317565641154553 0.22624731612011337 0.3848362682054912 1.2818771620164153 1.468844491470373
