% # columns="iter, evals, sigma, 0, fitness, xbest" seed=449147, Sun Feb 26 20:54:59 2023, <python>{}</python>
1 10 1.3615877677050423 0 50.280557259156765 0.45425279876541214 0.14897500044385414 1.5518007961175229 0.22814643636166965
2 20 1.3009799014130363 0 24.433431266921406 3.4718535339420518 0.3878063165392338 2.0067323030588446 0.0555552235797927
2 20 1.4715765113187342 0 29.461089378612236 0.5083956312544926 0.24800725650155991 2.0208499709611076 3.0723328968092174
2 20 0.8166578879718974 0 41.866354615969975 2.1771087729471574 0.8472559925715517 2.941046079465468 1.9671776601103856
3 30 1.3216112938116824 0 14.976440796461743 0.861276808925328 0.42691652883997644 2.0811725751755357 2.0687203914571906
3 30 1.2171471237535287 0 33.602356335355154 2.8327477416516116 0.21317611378710657 1.6986674430203017 0.8316734769719071
3 30 0.8599808919948482 0 14.36155889259189 0.7779283924486218 1.2884729304061107 1.6379618012907067 0.9148496186486929
4 40 1.4357339844702302 0 12.512118560626995 1.556526889283112 0.6137716665435659 1.8380090854538986 0.2121303342274291
4 40 1.074852408203307 0 27.308383562404984 3.1471284956740257 0.44523545786903906 2.571412177119352 2.2600461043156956
5 50 1.5847817157874926 0 22.550422992778625 0.2528458221947927 1.1700252608052404 1.3114330230974365 0.4944466260927174
4 40 0.8398995781009065 0 7.534623191912261 0.3072166768109015 1.6399315337543934 1.7245574301140871 1.0520481256172236
6 60 1.7308122869468714 0 17.36390513758205 0.13758533986620963 1.7161159751279844 2.3402577682205257 0.5756453534089894
5 50 0.7731263885405556 0 9.774009047521865 0.37156752721703246 1.769002376619682 1.805100217366765 0.3827776921035547
5 50 0.9438096720837285 0 22.049019270545447 2.997161317102123 0.3817254747254888 1.6799716185487705 0.14575939108406122
7 70 1.660668738466637 0 12.71474369603073 0.4725725022639299 0.5060892206262982 2.006661074707898 1.752705562847339
6 60 0.8323630100484267 0 10.924262331185245 0.46580316485264794 1.6439061133558588 1.8171608100498118 0.07506088367759012
6 60 0.8334106497313989 0 23.912115128340332 2.1678766828156033 0.7782838527573464 1.6686803300119166 1.2174146265486248
8 80 1.3256737172638218 0 12.098692822795465 0.9125963153367471 0.5676681589379243 1.8054020636092933 0.00915376787800294
7 70 0.7572202440476593 0 11.014253192747956 0.28958466334731087 1.305056712248608 2.031318152151037 0.3969910928786105
7 70 0.7165307511230637 0 18.397975094948137 2.3405841003946595 0.3972299225824076 1.7874790743847853 1.0214737507644949
9 90 1.394723325070892 0 11.178115188118465 0.7537511409617027 0.7409121784096933 1.6395158204642584 0.28120956746082926
8 80 0.6832169482942473 0 11.783043478352903 0.6106370039851053 0.847505426251533 2.1198650613060814 0.4511670664180482
8 80 0.6785808771664673 0 18.652806355973592 2.1499699722796475 0.5373033285485367 1.6617611061241455 0.8805062486703352
10 100 1.4345792783808757 0 10.563543045168078 0.4853263888963985 0.658325039190094 1.9352783822670263 0.8205943109264839
9 90 0.6641876553388837 0 6.677696200507466 0.41158341934655285 1.3149037747360643 1.884825331262492 0.7099856076023604
9 90 0.6404203263532672 0 15.27546674402745 1.789090879501043 0.703793825887581 1.8074383687221744 0.416721453424474
11 110 1.110430722750704 0 7.985897371779147 0.5527323583247945 1.2710742099271894 1.8582193146436088 0.7672155619765684
10 100 0.5715713533520073 0 11.96209420872833 0.002643415042654212 1.4717532216711708 1.8230982590123055 0.21553710410131088
10 100 0.664689382930908 0 15.859017583073818 1.5956792804380817 0.6996202450717649 2.189502168389991 0.6903820233941849
12 120 0.9762812879531119 0 6.6092508785984725 0.003587333238844249 1.807807380848382 2.005901541334893 1.5940149657423346
11 110 0.5376293785105752 0 7.92324958789212 0.1529823829736166 1.3789920161735127 1.7064485479666132 1.3394606180006017
11 110 0.827392634298575 0 7.631506129635232 0.5028311061354971 1.0021134972974104 1.7041362821724917 0.6354003400314834
13 130 0.859495412560849 0 12.181503183508354 0.3907320654664152 0.6962072731733407 1.6920319681617293 1.33891713036294
12 120 1.0384698534876002 0 9.507105333634229 0.2449566296723764 1.0942305210858176 1.8176090139318506 0.06374182516256638
12 120 0.5264170342918949 0 6.595239908524859 0.5109472168830191 0.9947556222915792 1.9274559474352877 0.7865646015144885
13 130 1.0489787916745013 0 10.023593133345274 0.0639636631946208 1.2738655849243958 1.727545146460393 0.6824420208554866
14 140 0.7531544622015229 0 9.376852120875078 0.34465035752244655 0.9876015467783924 1.6939997311246588 1.4396741574795395
13 130 0.644883315750179 0 9.058314406147552 0.9846286581439287 0.7329917857895025 2.075648017852161 1.5477312791456015
15 150 0.7864505695727365 0 5.047225077779666 0.33885948993738124 1.311024952747572 1.8149074122698914 0.7751967160322817
14 140 0.5355608758456095 0 5.219264465495686 0.35825325111880174 1.4383421728504557 1.7991364174068107 1.1690926563305755
14 140 0.9623651879335413 0 12.907388617659906 0.23971619541136652 1.4808628951376162 2.0677308308534044 0.1818163736950687
16 160 0.6878714524118195 0 3.723543606419875 0.33495597349351786 1.0195906940846995 1.9354409392987841 2.0074130435242266
15 150 0.5138321244372848 0 7.416927934860147 0.2565538330583434 1.3082178044631292 1.7299953463540167 0.11101529907019381
15 150 0.936507463781295 0 5.16813193869269 0.47916553335103973 1.0092377107914712 1.80332218686223 1.189835473130149
17 170 0.6765960311176206 0 4.546589874604771 0.3530762030449175 1.236325505504752 1.9892483846402087 2.078726001026963
16 160 0.42112062606916806 0 4.802549043382349 0.3885581056803905 1.3187857482305347 1.8214790515273873 1.2081137355479599
16 160 1.0666990483937842 0 3.980044295168736 0.2291482718200762 0.9680319619884831 2.062317353897628 1.9017190078850836
17 170 0.3988765688321502 0 3.322088154620214 0.3802123191063995 1.068047950968141 1.8771466101841598 1.3757503582001236
18 180 0.5834886337024073 0 4.368557872601802 0.29173357847468995 1.2557410465025236 1.9378498709943954 1.2724386146617306
17 170 0.8351068687281685 0 10.794093730877169 0.0064922590100334404 1.1789500597392237 1.8868538825652192 0.8813829996929969
18 180 0.33943288619920015 0 4.373308952835815 0.3645186600365726 1.2228506124822531 1.8079975190632587 1.1162674440671128
19 190 0.5348343605838387 0 3.527086981322719 0.12978293425133625 1.6046184729611404 1.9597419228538837 1.6671695994105806
18 180 0.7173696322116633 0 7.397043668111557 0.451958442839702 0.7032162302101621 2.075685727553858 1.7493198842489248
19 190 0.29549631989102015 0 4.851231049992073 0.36483032805554105 1.2888372357460405 1.7998129518759292 1.103394327691362
20 200 0.4323588576792384 0 2.9553986461322608 0.17086674062395485 1.4098150645071166 1.8758412574607402 1.550368010384302
19 190 0.6767408662755001 0 7.942597650439662 0.8617624135009762 0.8150333859198122 1.8261239212461182 0.40958325919655025
20 200 0.28169713016759 0 4.14728406660159 0.31130627651613607 1.354519981731093 1.8614357852250145 1.5705469673248922
21 210 0.33758408567095016 0 3.3339329646338127 0.2765651987465119 1.3478281681459123 1.873318233202368 1.700121899455679
20 200 0.6272222367263204 0 5.456667495522703 0.38791978936916777 1.0096038113310133 2.20538843501227 2.3060850678757205
21 210 0.27655366999589626 0 2.882959830189549 0.4216006115024785 1.078904757176866 1.9437392251330243 1.5748134839020933
22 220 0.2922280481126536 0 3.0715473923123886 0.26474717552828575 1.355424200804484 1.9085907779312496 1.4646717342284248
21 210 0.680823239730015 0 6.772316035745568 0.456735238710662 1.0177034193858399 1.8019132981329278 0.2734482116844429
22 220 0.2759956633330756 0 2.952822885274446 0.29178077718563156 1.1756037967983919 1.8974242733174498 1.4150296038471837
23 230 0.2706810182390591 0 2.744873549068294 0.2667668286004974 1.2612130886427695 1.901400259973218 1.4549747864945108
22 220 0.7745745660860113 0 1.8087304055046345 0.15023528704775457 1.1432425194934703 2.0784767795263237 2.2087271999376252
23 230 0.28744159505579714 0 2.202890011245919 0.26649691011207904 1.10812174906624 1.9714852570519088 1.6974599556503407
24 240 0.25686545128127264 0 1.8787768795028494 0.2457253025714461 1.3001681983136237 1.9370682731106414 1.6817654372658162
23 230 0.7392417560485154 0 4.194026291434492 0.1371583459497176 1.072707764380872 1.97660432492746 2.2062445889134086
24 240 0.26827152261068166 0 2.0244388622073672 0.2627401456796843 1.0992370931559536 2.0216400540118986 1.8582645808265972
25 250 0.21569715599999592 0 2.5798998032971876 0.2251842273155703 1.3159866218980274 1.8902606101211719 1.5621341577977808
24 240 0.6419748297495024 0 2.9266074486848295 0.457346266936482 0.9995385638034874 1.9767320807217048 1.8066973114448936
25 250 0.2690876345978105 0 2.2140965348881902 0.26433867313206183 1.1808846563218707 2.0373248756837747 1.986657321539864
26 260 0.2541795738788961 0 2.2322944743791004 0.20268599743679971 1.119415627458427 1.9498937864979715 1.8400696896973257
25 250 0.6082365299051954 0 4.075467409928517 0.015605857241731701 1.1428644350821617 2.0492493866028183 2.1885223939524305
26 260 0.2615360185136078 0 1.2314534706923312 0.1939457954966639 1.1834433164222935 2.0541977446283735 2.11455261810072
27 270 0.2453055126564702 0 1.595259569963137 0.2414036576121717 1.122149407457528 1.9792761133112073 1.8120974295818424
26 260 0.6715688250998108 0 4.417120347183396 0.013726274914435038 1.1676671679519073 2.1414952827808817 2.346046156066806
27 270 0.26135354150109447 0 1.4230665551672776 0.14195809638128976 1.3221195683135378 1.999031279521672 2.1109398850409202
28 280 0.232159580986052 0 1.6509077430122343 0.17940240781755962 1.170481708566474 1.9617964211617087 1.9180991213726508
27 270 0.7017236682059828 0 4.652865642597265 0.2440270750621723 1.1271079837129379 2.0643936494639314 2.448259768631358
28 280 0.2592940206027273 0 1.036859679319669 0.17443250012449937 1.245602769449844 2.048102961439142 2.1278787971288273
29 290 0.2442617059459478 0 0.6211278833281484 0.19724216540462913 1.2660906126863753 1.9927054946117795 1.981350455416699
28 280 0.8150537986712547 0 4.47775778176293 0.03127503346407035 1.3335441008718967 2.0206167844345346 2.4219128969157175
29 290 0.2174149770181312 0 1.0606577826557695 0.21550006834605595 1.1651001068276747 2.048364725660117 2.143068188329255
30 300 0.22655251271210627 0 1.1450147771814314 0.2303986930666413 1.2774450918684184 1.9617532677406955 1.8906548239013343
29 290 0.7947070574696974 0 2.761478312998352 0.04927421020690983 1.5708412766996547 2.0035691832455282 2.2132290083478816
30 300 0.17507829856227453 0 1.2228842701085771 0.2335049828420399 1.2581652995257349 1.972269184585113 1.9494768274421859
31 310 0.24015469387822688 0 0.9695473388078076 0.22150561142058367 1.1422095489460402 1.992416530665643 2.0373363018825703
30 300 0.7143976948157462 0 3.8067582127010917 0.3977574173521411 1.0850535314354137 2.062172727743062 2.1668482311336756
31 310 0.17571850408461187 0 0.6122805233619446 0.23345730250865437 1.1884387220951884 1.9835747182963652 1.9133003876035672
32 320 0.21193001849606055 0 1.4237766921409216 0.17120081022914718 1.252535913333344 1.9726452436289992 1.8521839892199825
31 310 0.6449672692580256 0 4.195776046427062 0.15134140574544933 1.6323767051332068 2.0006869430570426 1.7416231361510723
32 320 0.16332422379464556 0 0.7660995266495347 0.22376825737669254 1.1894271581905214 1.988258825786166 1.891473307900107
33 330 0.16607885460299204 0 0.7251007698455001 0.2031623602118146 1.1892676166056948 1.983550608754978 1.9247039150638026
32 320 0.5666155836327202 0 4.205056861305422 0.34525402430255064 1.3555029806181054 1.8964327128231655 1.5433721697191172
33 330 0.1277380684446232 0 0.48919194820907264 0.20664842570150288 1.191346700732473 2.0187258831019173 2.047346362204202
34 340 0.15310326103318397 0 0.6359939402834108 0.189203355761136 1.1865587836053373 1.9986624004676277 2.0034116704699727
33 330 0.4570529567898262 0 2.7459267118159882 0.058571597216362556 1.4884850166985937 1.9695919440369272 2.037757874918717
34 340 0.10716848215258845 0 0.5987047159584935 0.20864968800359654 1.1783202523444065 2.020554530143573 2.0191488967159077
35 350 0.14390518725075924 0 0.754169071003712 0.23386539910063853 1.1155219589575356 2.0225804488497 2.057813695578237
34 340 0.3953317624208868 0 2.2722675386987827 0.2880837377680753 1.2672557067517751 1.945925015498282 1.6790111638675003
35 350 0.11279043555001479 0 0.33459338070593264 0.2142304325728749 1.1878225669494866 1.9953328911340964 1.9818159326845193
36 360 0.138788380854185 0 0.6201472150192976 0.2094813151713953 1.1615098040131668 2.0193410726188894 2.085119974636158
35 350 0.37898817128208445 0 2.699034095434771 0.07698174032511856 1.4372875010392847 1.9569602483974096 1.9938932649163927
36 360 0.09661407062030962 0 0.2678186317733295 0.2080374230446379 1.2053736541486713 1.9965367196111223 1.9808521403505885
37 370 0.12168010630778386 0 0.3734248289141617 0.20172564003322668 1.222878324230386 1.996047375034321 1.9943510138520675
36 360 0.29068673860162575 0 1.9291365098811348 0.12932198030086 1.423655736908826 1.938784502758691 1.8307767266948722
37 370 0.07477219164851921 0 0.3440729507854324 0.20343359485534573 1.2228879826918306 2.004563897550621 2.001295223665089
38 380 0.10418599449697356 0 0.3736933702954747 0.20400750133620132 1.2103376673031356 1.9938469136715322 1.9713063073510795
37 370 0.29108219936051577 0 1.0687178013267131 0.2011467052845905 1.2530271449077999 1.9666545941976006 1.9773029748294078
38 380 0.05901814644180001 0 0.17078624778396279 0.21444249342632077 1.1868889094835549 2.0003004297538105 1.9890091843633966
39 390 0.0822104108355096 0 0.25878566443812706 0.20567248502189106 1.203225221511187 2.000867489700268 2.0017826398887513
38 380 0.28608137885884877 0 0.9321898323381683 0.22509352675493174 1.2014487357872623 2.0152739287286354 2.036905557040537
39 390 0.05682631464475552 0 0.1524408526467672 0.21792363960948394 1.1827372204374602 2.002107089178841 1.9890521106167796
40 400 0.07055791879337689 0 0.3275557466997462 0.2084788113598841 1.2079789353100392 1.999999661276221 2.0074249903669177
39 390 0.21704283466419624 0 0.7689282498998424 0.1825228513158954 1.2868951892357152 1.9989827102310245 2.0120033839743883
40 400 0.05810716850884595 0 0.2159470345286544 0.21844624865135456 1.1981907517668684 2.000539977476377 1.983304258436749
41 410 0.06014091678839537 0 0.2938624808942902 0.20366207603973924 1.2174941393325929 2.0003933310408817 1.9983338397192192
40 400 0.18177414142769505 0 0.646312001188384 0.18409989873184374 1.2161161036969197 2.0294110701299815 2.076071153643669
41 410 0.0495875558630528 0 0.18156939940194838 0.2266969979733254 1.1759793689082472 2.000529408661844 1.9846259452138484
42 420 0.05944310496563837 0 0.16230469489470692 0.2132112051079218 1.188606859879338 2.0013102457809135 1.9937395246070193
41 410 0.16857748040094245 0 0.29119318920582804 0.20020539506398427 1.21213448928713 2.009865905287291 2.027349598391085
42 420 0.04713383663470932 0 0.1499716270022771 0.22474493821260355 1.168165302782277 2.0011027471544205 1.9855995527375516
43 430 0.0663824870139975 0 0.06724089557407621 0.21725547805332046 1.177932138831315 2.0063777914674805 2.0035689299811654
42 420 0.14423085436739297 0 0.6284588615242717 0.18891177847917706 1.2638097149310001 1.9984904270263797 1.9704445239443178
43 430 0.04146580948685463 0 0.14148538364461172 0.21561330796791445 1.1852500686752572 2.0031341523821875 1.9965855528876195
44 440 0.056576751352302515 0 0.1433513336364655 0.21636159053736387 1.1778026485348405 2.007257932939615 2.0165383167781563
43 430 0.134942213743931 0 0.7919169454529786 0.18315496358648703 1.2705400582343207 2.007562384013779 1.9820363202301539
44 440 0.04086490379201462 0 0.060461384841012926 0.22524288608537016 1.1674127907821492 2.004188252176246 1.9962723974614973
45 450 0.056743105029611336 0 0.10202118684263299 0.22517063864819648 1.1642130733971976 2.0069949860143654 2.0045576097126983
44 440 0.11544580845768519 0 0.685069947697565 0.21427830885642893 1.2345512982932947 1.9931329324648765 1.9241187323776114
45 450 0.038169729709423374 0 0.13372939608014536 0.2180949523042847 1.1856432794835565 2.0038284168900073 1.9881508973560034
46 460 0.04994808397467418 0 0.1233704161262311 0.22671698184938638 1.1638503263160775 2.0066098315706804 2.0018839563691397
45 450 0.10040828539574674 0 0.29336747250937556 0.21148339364085025 1.1994014472305368 2.0011059854216806 1.9763024877114135
46 460 0.03575413749747225 0 0.08250726360969911 0.22253581279420315 1.169650883850993 2.00701919183615 1.9966855074909904
47 470 0.04723752812011349 0 0.11274970303113405 0.22269471166196608 1.1777697541995946 2.000391188096921 1.9914417257096644
46 460 0.10221871675159167 0 0.3693145190254699 0.21114903497166307 1.2169224676918071 2.0043503891715275 1.9874028517750513
47 470 0.03573653234662281 0 0.05945159024510211 0.21781539107629014 1.1749785115251827 2.008175061464114 2.0065025798804963
48 480 0.05293512983201684 0 0.1295162570442014 0.22439638075485524 1.1793409572848912 1.9987323293928023 1.9833838076770651
47 470 0.09436767018460548 0 0.4723187891079163 0.22100296472059622 1.1998249611837941 2.0002697773222513 1.9518990712504682
48 480 0.034639963225166555 0 0.13110816968058098 0.22106620290215606 1.1706431831208037 2.0086566421562915 2.0148138502064237
49 490 0.04008045495185472 0 0.13707397180512765 0.22252290804362457 1.1697783996569084 2.0020560638075557 1.9947008485674749
48 480 0.0890368338372927 0 0.1398560467375938 0.21931461074967382 1.187913977613372 1.998005544924307 1.9852190610677067
49 490 0.031145693384024342 0 0.09827244870478143 0.22299327038491604 1.1667591315850432 2.006999458543787 2.007440154042542
50 500 0.03573235323327516 0 0.08827973460348099 0.22655539297163202 1.1620126119132244 2.005326619719409 1.9963796902469353
49 490 0.08911212058459492 0 0.2046405275593826 0.21255808484021935 1.1976009374142798 2.007842582026343 2.016739446078782
50 500 0.02839214649314315 0 0.08961823868338156 0.22752670409073317 1.163421299539138 2.0034872810811915 1.9934355205861864
51 510 0.02959973142393104 0 0.07820937733476986 0.22542140340723965 1.168755163000225 2.0039006015452623 1.9912823087689824
50 500 0.0793754969477625 0 0.18916308467447934 0.22668059174925412 1.1810050502732636 1.9970467648487606 1.9729832832728733
51 510 0.028836126830803235 0 0.07255177502075871 0.22046980396722113 1.1769458841258615 2.005254407670967 1.9940256310778288
52 520 0.02820750161615153 0 0.02766709847304564 0.2220316855185106 1.1717041926042582 2.0055722558234907 1.9966691224146231
51 510 0.0718178270354349 0 0.16127808020436837 0.21389534193738527 1.191195798779191 2.000093192982849 1.998640390016409
52 520 0.029699807621314103 0 0.09245205465538517 0.22374138626302015 1.1755181362419427 2.0021286135889755 1.9885117951492095
53 530 0.0276446623475936 0 0.05488736276564721 0.22393416188782245 1.1672208558277992 2.00502988561018 1.9973948715376424
52 520 0.05754967056777776 0 0.15378308002993013 0.21923934967114528 1.1800036200009256 2.008891334018947 2.0087269397092724
53 530 0.029036892402979814 0 0.08846699806539719 0.22228305338754448 1.1784075215162937 2.0023004383671643 1.9912350745781282
54 540 0.0249230358448105 0 0.05923829524657302 0.22394679532197792 1.1732891710860045 2.0027708457314057 1.9898080058805507
53 530 0.057869105007009425 0 0.1956419693028025 0.21372426504821734 1.198033995409393 2.000434148809597 1.9914014506292337
54 540 0.024625921985007546 0 0.06974755440896278 0.21991411082619428 1.1781493639497602 2.00332321716499 1.9966824963122631
55 550 0.024819414779182945 0 0.06963408225340081 0.2227307975639889 1.175790536409149 2.0029698638676106 1.9915031086263464
54 540 0.0496857914355704 0 0.12200124594811321 0.21503522629738764 1.1846029808515555 2.005858989892521 2.007699913749274
55 550 0.02192480609384642 0 0.06257687429444417 0.22042720440752708 1.1744318732382883 2.0058584525653194 2.0037935023761335
56 560 0.02170309746685816 0 0.02867796246963675 0.22257851644926557 1.1699046403190185 2.0055642607088684 1.9981955690710564
55 550 0.04111831056227486 0 0.15498091992207486 0.217681264560731 1.1897368049796913 2.0005403964089563 1.989113791257426
56 560 0.024720357620944426 0 0.03939330661122403 0.22258264838444725 1.1674675400888008 2.006747989701233 2.0008589007054387
57 570 0.01856451368952065 0 0.03654381944448365 0.22203725256732987 1.1738836932287031 2.00398195993804 1.9954952934850891
56 560 0.03861781738953948 0 0.1124890641796078 0.21755752594560263 1.1834092092384774 2.003464737353839 1.9946697505642703
57 570 0.021960446950578662 0 0.03920192671943938 0.22307317263500584 1.16937196273252 2.0045259330368923 1.9985099558419739
58 580 0.017067869657419486 0 0.040864581562568864 0.22315406238554375 1.170586532656542 2.005064114277398 1.9965842359670285
57 570 0.033893277924848364 0 0.09213761226007879 0.22153456501880114 1.1796501920129474 2.002723557023811 1.9913668503813318
58 580 0.018525668074657053 0 0.025591382656503535 0.22099820493811353 1.1736369199053918 2.0054909978751287 1.9991398701898984
59 590 0.015585807437342206 0 0.02572790447454242 0.22083882371511526 1.173599227600614 2.0055962094221464 1.9999518164317602
58 580 0.03879098337905 0 0.07588549229943725 0.21836735080295122 1.176896881313742 2.0054781849609937 2.0044369403428934
59 590 0.016085606717918866 0 0.047524743698731144 0.22218285215837022 1.1706859248284638 2.004915027495186 1.9973040349752178
60 600 0.016176094391304612 0 0.02093833611627003 0.22126061651759704 1.1700342949608056 2.0067510229252727 2.001844328177217
59 590 0.03863439074456071 0 0.07595095110173719 0.22004681168694187 1.1792746651549355 2.004425818392979 1.9958600088159932
60 600 0.013717184637743747 0 0.03164141197077441 0.22144827762161423 1.1737136320555428 2.004641381924764 1.9981092619034417
61 610 0.015535682889693063 0 0.008970219146786348 0.22063847526130148 1.1726847252299522 2.00612061927226 2.000220288295476
60 600 0.03481308530034444 0 0.05016687078557872 0.2213681463365349 1.1725100680933216 2.0058096419512794 2.002378689020488
61 610 0.011290973927648279 0 0.02233336061583215 0.2216790529859138 1.1718328833136262 2.0055650303597576 1.999481111943739
62 620 0.013996794082992505 0 0.014560538005115477 0.22189215161364045 1.1708914794469996 2.0058005275325983 1.9987052854712992
61 610 0.03350694606814524 0 0.037329913753918066 0.22251070588183935 1.1734184096053755 2.003522200500509 1.9943114686436094
62 620 0.010816318769773377 0 0.013049329679699963 0.22125072736022466 1.1719714611063505 2.0058309283943183 2.000155632038254
63 630 0.011795803117879096 0 0.011048739028984933 0.22107817987212458 1.1717425245146735 2.0062914100979703 2.0004818478854087
62 620 0.02769075426163714 0 0.05587094622095574 0.2205940967788423 1.175544535408648 2.0040922066175857 1.996106578877276
63 630 0.011159671061960844 0 0.01932476329516996 0.22230408569886503 1.1695272487682447 2.0057971963237744 1.998712920423435
64 640 0.011680779894813975 0 0.017079497767101683 0.2210032574470791 1.1719024544206638 2.0064541556837736 2.0013807465321225
63 630 0.025350213172671835 0 0.04488246178242109 0.22331823510159435 1.1717109695846395 2.004064836448963 1.9935097283715812
64 640 0.012085463871543215 0 0.012764039078151412 0.22062036372736035 1.1726429905464375 2.0062967762935444 2.0010893412086137
65 650 0.009799045691996983 0 0.013094808562810834 0.22101613142135373 1.1725693175557375 2.005924694513266 1.9989758233886592
64 640 0.024106458993278252 0 0.0494595117944193 0.22057411064648305 1.1763873303365717 2.004706129547476 1.9955197953615063
65 650 0.0099044056956993 0 0.021846110681779628 0.2210448360589735 1.172608496405984 2.006216343113345 2.0007734637386125
66 660 0.009271763191691141 0 0.0060289906855073615 0.2211257955330711 1.1712831735405973 2.006143211812697 2.0001458025736323
65 650 0.01938502581253005 0 0.0440393162905096 0.2213441664133443 1.1749018508707285 2.003927233874152 1.9956966548186341
66 660 0.007618279498678547 0 0.014111602279807395 0.2207319994696117 1.1729815288302914 2.0059555851456126 2.0003934632160507
67 670 0.007295916661215275 0 0.005347117667386213 0.22084759916884106 1.17234041298594 2.0059942559933797 1.9999793642236616
66 660 0.017456232155895222 0 0.031698743871475005 0.22236080017859813 1.1720691474939404 2.0048607613294163 1.9957559400947282
67 670 0.008625169194469842 0 0.0058773216930718755 0.220815362975427 1.1719928795463095 2.0062483269174973 2.0007896063853234
68 680 0.006378695321079052 0 0.004701931762975752 0.2210428861734433 1.172006403596154 2.0059189714514463 1.9998386257607184
67 670 0.016167716451202997 0 0.02284105024696746 0.22051898387890462 1.1730040344018733 2.006575140353475 2.0015581055151497
68 680 0.0075151481124448305 0 0.01176363262914112 0.2213349129590657 1.1712055813130027 2.0062483628697643 2.0000712089680652
69 690 0.007395045893903192 0 0.006817644494821363 0.22087843660243878 1.1716156683889412 2.0062638922078597 2.0010871954634712
68 680 0.013666365638737112 0 0.023451778434253733 0.22132387953764504 1.1727161348367798 2.0054561239368383 1.9993703488581267
69 690 0.0098301261182503 0 0.01723859327051477 0.22092548682917829 1.1719254311746239 2.0063140547503058 1.9995850042674985
70 700 0.006595493025369096 0 0.006749040050175237 0.22106141386595257 1.1722066959860937 2.005936848793855 1.9999117460382867
69 690 0.01210168594735251 0 0.009678813613820251 0.22086417670340402 1.1724789639557933 2.0059521610982607 2.0004045686578777
70 700 0.009890201665102209 0 0.011703539748929325 0.22129918090937298 1.1711661992331799 2.0060400667303746 1.9991155534211167
71 710 0.005843385968210293 0 0.006139147395640056 0.2209680381966137 1.1716529518535674 2.006239645569562 2.000410925380086
70 700 0.012800558974097872 0 0.02056712897864941 0.22029144064515901 1.1725374970825913 2.0066412372357436 2.001046434164323
71 710 0.008614999323042216 0 0.010415575517658595 0.2213667364622215 1.171944612537118 2.005605714209723 1.9984468067712509
72 720 0.005797832720456887 0 0.0022047665871495095 0.22116406032183256 1.1716617713255613 2.006034925991119 1.999952608194918
71 710 0.011753781994872814 0 0.01590835331093502 0.22086023634234886 1.171690232778602 2.006392677699365 2.0021462459703834
72 720 0.007584942337827512 0 0.007289625494245325 0.22089352010815372 1.1721849707463206 2.0060138764196376 1.9995777054067632
73 730 0.005482533704309763 0 0.004278497424357128 0.22106801932396203 1.1716393526803668 2.0061421439299196 2.0005817509902872
72 720 0.011753405602903517 0 0.009840559634470376 0.22100207508823055 1.1716242474323793 2.0062064350603777 2.001275768360613
73 730 0.006789634640299082 0 0.004828348035036047 0.22100277484553332 1.1721631035328988 2.0060008548931747 1.9999975441699613
74 740 0.004639961273959343 0 0.003424473821550721 0.22126394511061392 1.1716272465208657 2.0059402256872394 1.9997467967067837
73 730 0.01352829717276124 0 0.008440016872433913 0.22156738908093299 1.1708054028571362 2.005911660817444 1.9995233169123963
74 740 0.005677852730612628 0 0.006581095027900477 0.22133360672461222 1.1717490097709762 2.0058639141112633 1.999122399965621
75 750 0.004015085939192411 0 0.0029850758875112474 0.22099515418316573 1.1716858865465107 2.0061410938349553 2.0004024399882905
74 740 0.011708267619085564 0 0.020800248869735402 0.22130831602667816 1.1710518162610608 2.0062333583182133 2.0019235489098754
75 750 0.0043053341756643685 0 0.006412662003934358 0.22122529644676162 1.1720497572271291 2.0058186108883884 1.9992059760392915
76 760 0.0032423433475779677 0 0.002098173961812129 0.22116759465576857 1.1717650072816497 2.005960305954496 1.9997585408721323
75 750 0.01031496591360688 0 0.012079915516920807 0.2212941618298744 1.172356827495429 2.0056216551727046 1.9989164845774683
76 760 0.004047132729638202 0 0.001310945589399169 0.22108293401994836 1.1718017412313058 2.0060344523695903 1.9999996524317567
77 770 0.002590635116682516 0 0.0022552196810126193 0.22112399577763642 1.1717407600504535 2.005968989962791 1.9997941533220747
76 760 0.008700102497134505 0 0.008281041850042024 0.22106825845139175 1.1718343413102337 2.006172479571941 1.9999984259468264
77 770 0.004149487168366497 0 0.002975244502194011 0.22098946205437237 1.1717733148331009 2.006109402586665 2.0004447431515486
78 780 0.0025014290768004504 0 0.002072494785038621 0.22105369558066118 1.1717825790992988 2.006024863478451 1.9999445271024512
77 770 0.007640761701678137 0 0.004853934785305775 0.22134634290665944 1.17157941850656 2.005882767237635 1.9995534133245476
78 780 0.0036444762390237173 0 0.0026052424468763374 0.22121854868865898 1.1716248342834081 2.0059948969879473 1.9997949406795963
79 790 0.0023869780742397087 0 0.0017503494571961958 0.22113368498161917 1.1717868350815421 2.0059663952790543 1.9998014470615106
78 780 0.006450101963816536 0 0.0029216564241045296 0.22112966869149442 1.1719037225681566 2.0059465823507328 1.9997700729607089
79 790 0.003279950083980441 0 0.002827666281180568 0.22122384334199025 1.17159965175185 2.0059748823947343 1.9996214347976027
80 800 0.0019299177407110597 0 0.0013748896432109758 0.22113614974249945 1.1717098381310442 2.005993641079651 1.9998902212739482
79 790 0.005155144961115092 0 0.0032106741108080083 0.2211710981039149 1.1718665322592237 2.0059215460205158 1.9996000191727608
80 800 0.002635145373905523 0 0.002896370696863974 0.22104579976011896 1.1718276721449932 2.0060144506490936 1.9998209320918814
81 810 0.0015641154935969197 0 0.0009109872514151672 0.2211209092254824 1.1717096707195391 2.006013160793243 1.9999318690419678
80 800 0.004438533727833458 0 0.002481144421830582 0.22118863518429524 1.1716527628682385 2.006017519214245 1.9998957188451199
81 810 0.002402913950274158 0 0.0016561105587253313 0.22108267266827544 1.1718014913490904 2.0060297793550728 1.999914367410539
82 820 0.0016426582738169548 0 0.001489661103815556 0.22116299093308733 1.171649440903501 2.0059938038460614 1.999833125249069
81 810 0.0039368120045399635 0 0.0031765196780526718 0.22129691005376054 1.1714438935188882 2.0059773171019666 1.999750502908014
82 820 0.002201769599910199 0 0.0015069701637992856 0.22109574780926516 1.1717279471819435 2.006057882223536 2.000097928756285
83 830 0.0013496861088073244 0 0.0009809794555313098 0.22112160963751593 1.1716661539958908 2.006025940941229 1.9999807325249468
82 820 0.003398846494615382 0 0.0031728917020417717 0.22120942311803188 1.171738377809194 2.0059627798452158 1.999773492568948
83 830 0.0017906023729624674 0 0.001168106691372448 0.22109656492983115 1.1717132264366907 2.006053245837627 2.0000666026039426
84 840 0.00114134721244497 0 0.0008236187600887579 0.22111011229559424 1.171743855556626 2.0060198424119937 1.9999657357356746
83 830 0.0029498806451531264 0 0.002535525702071204 0.22119017736877458 1.1717523280813344 2.0059569900511915 1.999727376812595
84 840 0.0015826837952729396 0 0.001350738176390811 0.22108148013248916 1.1717494140091333 2.006045148076809 2.000123044778651
85 850 0.0009930800190007742 0 0.000724818853110993 0.22109796246557167 1.1717572333803348 2.006022530265921 1.9999794594870637
84 840 0.0027028849657204325 0 0.0020235505916013277 0.22120230884413639 1.1715214197017825 2.006031533773811 1.9999397881462087
85 850 0.0011813028470914965 0 0.0010107309650215586 0.22109473717135908 1.1717424070983171 2.0060417667884063 2.0000555441562327
86 860 0.0009451659420314268 0 0.0007460789226063215 0.2210993378624117 1.1717592790510134 2.0060230013196696 1.9999865190735089
85 850 0.0028663184156726518 0 0.001745494675244553 0.22112383841272387 1.1716847589676191 2.0060516239695176 1.9999939605462447
86 860 0.0009102474021768654 0 0.0012254797705992177 0.22110952501434106 1.171715508754011 2.006042488930042 2.0000547199973067
87 870 0.0009189079333513822 0 0.0006707664236443574 0.22111003965667414 1.1717275193013117 2.006023976307287 1.999993561502302
86 860 0.002771231322065958 0 0.0013322719167160116 0.2210763015925244 1.1717144417582803 2.006040208345096 2.0000393278171993
87 870 0.0008495731248596892 0 0.0009525704374946159 0.22113297920027583 1.1716848435764935 2.006026429874345 1.9999794787508054
88 880 0.00074405477224379 0 0.0008176214868657274 0.2210949776576397 1.171760202259721 2.006023605212588 1.999999568729522
87 870 0.0021410074225033135 0 0.0019090506286257617 0.22117552533213045 1.171711858235356 2.005973351533446 1.9997325248394215
88 880 0.0009641061266737528 0 0.0008058711157511545 0.2211307106600514 1.1716997044762076 2.0060134820750752 1.9999304006113783
89 890 0.0007847845403737484 0 0.0006113694941289913 0.22110780594184015 1.1716962600510081 2.0060297005505934 2.00000080796519
88 880 0.0017043468442041146 0 0.001253101040606408 0.22115389351837653 1.1716224732305698 2.006019891752357 1.9999379818183032
89 890 0.0009501803170685521 0 0.0005255300212947305 0.22109936333108332 1.1717431086143135 2.0060290543079153 1.9999949970511999
90 900 0.0006994306283050586 0 0.0005939500290381018 0.22110829776894603 1.1716950194671005 2.0060349375822693 2.0000167896670167
89 890 0.0017890543035573932 0 0.0012892704625001275 0.22109394733906662 1.171720844148477 2.0060284392404366 1.9999561155401255
90 900 0.0008378749052765372 0 0.0007683814818309823 0.2211291681540104 1.1716703146627578 2.006028613299381 2.000000130400212
91 910 0.000577963080492225 0 0.0004456550607977965 0.2211076476250543 1.1717160213629962 2.0060313869595108 2.0000069200581585
90 900 0.0016327781494283717 0 0.000877534707520775 0.2210836725333988 1.171749578314743 2.006035090896296 2.0000473588225685
91 910 0.0007193288734257462 0 0.000685508351169721 0.22112115729836343 1.1716790791261178 2.00603486950087 2.00000737936015
92 920 0.00044481682550326655 0 0.0002627560248194614 0.22110388169216516 1.1717216507216919 2.006031679010224 2.000004332503755
91 910 0.0013379260635327465 0 0.0010331591094364333 0.221095162161735 1.1717004875603143 2.006052723511705 2.000066825535507
92 920 0.0006047879411020761 0 0.0006749504472999991 0.22110565601553625 1.171706587302243 2.00603599617786 2.0000351111497774
93 930 0.000389258005564334 0 0.0002691616069428271 0.2211056162995944 1.171714526831176 2.0060310297256425 1.9999988192434555
92 920 0.001138198368545505 0 0.0006858391087401538 0.22108566711411587 1.171754427230528 2.0060332485475953 2.0000087145317913
93 930 0.0004987181098819786 0 0.0006089550441847104 0.2211210429376783 1.1716971142803996 2.006025308380272 1.9999755966305264
94 940 0.000344379677341345 0 0.0003169995510947987 0.22110065823550712 1.1717302849846662 2.0060292856705226 1.999999901797299
93 930 0.000958967516782378 0 0.001024911460211169 0.22110691886310718 1.1717275354980363 2.0060173652756914 1.9999370127700389
94 940 0.0005038067220720339 0 0.0006416476926351567 0.22110348670428148 1.1717047077489615 2.006037442716227 2.000036719355583
95 950 0.0002889543724572226 0 0.00019145948490717629 0.22110378826819393 1.171724553463534 2.0060291282495055 1.9999983102189782
94 940 0.0009017531115813298 0 0.0005571898540925575 0.22110312003510868 1.171708838725112 2.0060331515104384 2.000019982148584
95 950 0.0005353971153453739 0 0.00042129365870962 0.22111015197662492 1.171703787264264 2.006032721687067 2.0000010208534484
96 960 0.000234813416444614 0 0.0001501406344950513 0.2211049425221615 1.171717908954204 2.006031068590802 2.0000027660543678
95 950 0.0008350327522387446 0 0.0005346154123171931 0.22109708094203434 1.1717280423835326 2.006034742941936 2.0000252631560453
96 960 0.0005849268910790494 0 0.0005160950703822407 0.22110196084644734 1.171737170118968 2.006028032675974 1.9999887001582737
97 970 0.00021205733741657822 0 0.00011755904776495446 0.22110506831983734 1.1717171658981553 2.006030507448317 1.999999973689083
96 960 0.0007288455957688434 0 0.0006580218286224188 0.22110936703767928 1.1716880307513604 2.006033650485638 2.0000086456246198
97 970 0.0004845156117086631 0 0.0004174360541599753 0.2210961509001671 1.1717376995257878 2.006031291513486 2.000006577272408
98 980 0.0002122277603751717 0 0.0001777686505308383 0.2211050494884252 1.1717205815157035 2.0060303569130404 2.000001689772569
97 970 0.0005858456877702583 0 0.00023543956570020193 0.22110900564164399 1.171707392441944 2.0060308861727014 2.000000352769791
98 980 0.00039374255311302547 0 0.00032953537637223464 0.22110902621092984 1.1717177411881163 2.006026745166041 1.9999871213658484
99 990 0.00019002751721007658 0 0.0001456560392167319 0.22110409453326063 1.1717190055250124 2.006030660078664 2.000000609555139
98 980 0.0005870534372574844 0 0.0003951913988024753 0.2211091784916531 1.1717177738437647 2.0060260828485292 1.999992530175851
99 990 0.0003082113729803055 0 0.000367140546532927 0.22110306493854412 1.1717276649363648 2.0060299461126085 1.9999951436340764
100 1000 0.000187915746925376 0 0.0001964008112797931 0.2211051084308282 1.1717233915829897 2.006028805288225 1.999996759131212
99 990 0.0005587044729613415 0 0.0004928315539444734 0.22110910338964238 1.1717035860849152 2.006034564312091 2.0000063872997256
100 1000 0.00029569860093286597 0 0.00036571472713698024 0.22110870756501846 1.1717183546231158 2.006028257500242 1.9999976187662705
100 1000 0.00047269465415137544 0 0.00032833595345345044 0.22110198552100427 1.1717234694737655 2.0060325661785807 2.000007543587393
